***************************************
SOLUTION TO GIT PROBLEM: NONSTABLE LOCI
***************************************
Group: A5 Representation A5(3,1,0,0,0,0)
Set of maximal non-stable states:
(1) 1-PS = (1, 1, 1, 1, -1, -3) yields a state with 81 characters
Maximal nonstable state={(0, 1, 1, 2, 0, 0), (0, 0, 1, 2, 0, 1), (2, 0, 0, 1, 0, 1), (2, 1, 0, 0, 0, 1), (1, 0, 2, 0, 1, 0), (2, 0, 0, 2, 0, 0), (0, 3, 1, 0, 0, 0), (1, 0, 1, 0, 2, 0), (0, 1, 2, 1, 0, 0), (0, 0, 3, 0, 0, 1), (0, 1, 1, 1, 1, 0), (0, 2, 1, 1, 0, 0), (0, 2, 1, 0, 0, 1), (0, 1, 0, 1, 2, 0), (1, 0, 0, 3, 0, 0), (0, 1, 1, 0, 2, 0), (3, 0, 0, 0, 0, 1), (2, 0, 0, 0, 2, 0), (1, 0, 3, 0, 0, 0), (3, 0, 0, 1, 0, 0), (1, 1, 0, 2, 0, 0), (1, 1, 0, 1, 0, 1), (1, 1, 1, 1, 0, 0), (1, 1, 0, 0, 2, 0), (1, 1, 0, 1, 1, 0), (0, 2, 0, 2, 0, 0), (2, 0, 1, 0, 0, 1), (1, 2, 0, 0, 0, 1), (0, 1, 2, 0, 0, 1), (1, 0, 1, 1, 1, 0), (0, 2, 0, 1, 1, 0), (1, 0, 2, 1, 0, 0), (0, 1, 0, 2, 1, 0), (0, 0, 3, 0, 1, 0), (0, 1, 0, 3, 0, 0), (1, 2, 1, 0, 0, 0), (0, 0, 1, 2, 1, 0), (0, 3, 0, 0, 1, 0), (0, 2, 0, 1, 0, 1), (2, 1, 0, 0, 1, 0), (0, 1, 1, 1, 0, 1), (2, 0, 0, 1, 1, 0), (1, 0, 2, 0, 0, 1), (3, 1, 0, 0, 0, 0), (2, 0, 2, 0, 0, 0), (0, 1, 2, 0, 1, 0), (0, 3, 0, 0, 0, 1), (0, 0, 2, 2, 0, 0), (1, 0, 0, 2, 1, 0), (1, 0, 0, 2, 0, 1), (0, 0, 2, 1, 0, 1), (0, 2, 2, 0, 0, 0), (0, 1, 0, 2, 0, 1), (2, 1, 1, 0, 0, 0), (2, 2, 0, 0, 0, 0), (0, 2, 1, 0, 1, 0), (0, 1, 3, 0, 0, 0), (1, 0, 1, 1, 0, 1), (0, 0, 2, 0, 2, 0), (0, 0, 2, 1, 1, 0), (0, 0, 0, 2, 2, 0), (1, 3, 0, 0, 0, 0), (1, 0, 0, 1, 2, 0), (0, 0, 0, 3, 1, 0), (3, 0, 0, 0, 1, 0), (1, 1, 2, 0, 0, 0), (1, 1, 1, 0, 0, 1), (1, 0, 1, 2, 0, 0), (1, 2, 0, 1, 0, 0), (1, 1, 1, 0, 1, 0), (2, 0, 1, 0, 1, 0), (2, 0, 1, 1, 0, 0), (3, 0, 1, 0, 0, 0), (0, 0, 1, 3, 0, 0), (1, 2, 0, 0, 1, 0), (0, 0, 0, 3, 0, 1), (0, 3, 0, 1, 0, 0), (0, 0, 3, 1, 0, 0), (2, 1, 0, 1, 0, 0), (0, 2, 0, 0, 2, 0), (0, 0, 1, 1, 2, 0)}
(2) 1-PS = (1, 1/5, -1/15, -1/5, -1/3, -3/5) yields a state with 58 characters
Maximal nonstable state={(1, 0, 2, 0, 1, 0), (2, 0, 0, 1, 0, 1), (2, 1, 0, 0, 0, 1), (2, 0, 0, 2, 0, 0), (0, 3, 1, 0, 0, 0), (2, 1, 0, 0, 1, 0), (1, 0, 1, 0, 2, 0), (2, 0, 0, 1, 1, 0), (1, 0, 2, 0, 0, 1), (0, 2, 1, 1, 0, 0), (3, 1, 0, 0, 0, 0), (2, 0, 2, 0, 0, 0), (1, 0, 0, 3, 0, 0), (0, 3, 0, 0, 0, 1), (3, 0, 0, 0, 0, 1), (2, 0, 0, 0, 1, 1), (1, 0, 0, 2, 1, 0), (1, 0, 0, 2, 0, 1), (2, 0, 0, 0, 2, 0), (1, 0, 3, 0, 0, 0), (1, 1, 0, 0, 0, 2), (0, 2, 2, 0, 0, 0), (1, 1, 0, 2, 0, 0), (3, 0, 0, 1, 0, 0), (2, 1, 1, 0, 0, 0), (1, 1, 0, 1, 0, 1), (2, 2, 0, 0, 0, 0), (0, 2, 1, 0, 1, 0), (0, 1, 3, 0, 0, 0), (1, 0, 1, 1, 0, 1), (1, 3, 0, 0, 0, 0), (1, 0, 0, 1, 2, 0), (3, 0, 0, 0, 1, 0), (1, 1, 1, 1, 0, 0), (1, 1, 2, 0, 0, 0), (1, 1, 0, 0, 2, 0), (1, 1, 0, 1, 1, 0), (1, 1, 0, 0, 1, 1), (1, 1, 1, 0, 0, 1), (0, 2, 0, 2, 0, 0), (1, 0, 1, 2, 0, 0), (2, 0, 1, 0, 0, 1), (1, 2, 0, 1, 0, 0), (1, 1, 1, 0, 1, 0), (1, 2, 0, 0, 0, 1), (1, 0, 0, 0, 3, 0), (2, 0, 1, 0, 1, 0), (1, 0, 1, 1, 1, 0), (2, 0, 1, 1, 0, 0), (3, 0, 1, 0, 0, 0), (2, 0, 0, 0, 0, 2), (1, 2, 0, 0, 1, 0), (1, 0, 1, 0, 1, 1), (0, 3, 0, 1, 0, 0), (1, 0, 2, 1, 0, 0), (1, 2, 1, 0, 0, 0), (2, 1, 0, 1, 0, 0), (0, 3, 0, 0, 1, 0)}
(3) 1-PS = (1, 0, 0, 0, -1/2, -1/2) yields a state with 63 characters
Maximal nonstable state={(0, 1, 1, 2, 0, 0), (2, 0, 0, 1, 0, 1), (2, 1, 0, 0, 0, 1), (1, 0, 2, 0, 1, 0), (2, 0, 0, 2, 0, 0), (0, 3, 1, 0, 0, 0), (2, 1, 0, 0, 1, 0), (1, 0, 1, 0, 2, 0), (2, 0, 0, 1, 1, 0), (0, 1, 2, 1, 0, 0), (1, 0, 2, 0, 0, 1), (0, 2, 1, 1, 0, 0), (3, 1, 0, 0, 0, 0), (2, 0, 2, 0, 0, 0), (1, 0, 0, 1, 1, 1), (1, 0, 0, 3, 0, 0), (0, 0, 2, 2, 0, 0), (3, 0, 0, 0, 0, 1), (2, 0, 0, 0, 1, 1), (1, 0, 0, 2, 1, 0), (1, 0, 0, 2, 0, 1), (2, 0, 0, 0, 2, 0), (1, 0, 3, 0, 0, 0), (1, 0, 1, 0, 0, 2), (1, 0, 0, 1, 0, 2), (1, 1, 0, 0, 0, 2), (1, 1, 0, 2, 0, 0), (0, 2, 2, 0, 0, 0), (1, 1, 0, 1, 0, 1), (2, 1, 1, 0, 0, 0), (3, 0, 0, 1, 0, 0), (2, 2, 0, 0, 0, 0), (0, 1, 3, 0, 0, 0), (1, 0, 1, 1, 0, 1), (1, 3, 0, 0, 0, 0), (1, 0, 0, 1, 2, 0), (3, 0, 0, 0, 1, 0), (1, 1, 1, 1, 0, 0), (1, 1, 2, 0, 0, 0), (1, 1, 0, 0, 2, 0), (1, 1, 0, 1, 1, 0), (1, 1, 0, 0, 1, 1), (1, 1, 1, 0, 0, 1), (0, 2, 0, 2, 0, 0), (1, 0, 1, 2, 0, 0), (2, 0, 1, 0, 0, 1), (1, 2, 0, 1, 0, 0), (1, 1, 1, 0, 1, 0), (1, 2, 0, 0, 0, 1), (2, 0, 1, 0, 1, 0), (1, 0, 1, 1, 1, 0), (2, 0, 1, 1, 0, 0), (3, 0, 1, 0, 0, 0), (0, 0, 1, 3, 0, 0), (2, 0, 0, 0, 0, 2), (1, 2, 0, 0, 1, 0), (1, 0, 1, 0, 1, 1), (0, 3, 0, 1, 0, 0), (0, 0, 3, 1, 0, 0), (1, 0, 2, 1, 0, 0), (1, 2, 1, 0, 0, 0), (0, 1, 0, 3, 0, 0), (2, 1, 0, 1, 0, 0)}
(4) 1-PS = (1, 1/3, 1/9, -1/9, -1/3, -1) yields a state with 65 characters
Maximal nonstable state={(0, 1, 1, 2, 0, 0), (2, 0, 0, 1, 0, 1), (2, 1, 0, 0, 0, 1), (1, 0, 2, 0, 1, 0), (2, 0, 0, 2, 0, 0), (0, 3, 1, 0, 0, 0), (1, 0, 1, 0, 2, 0), (0, 1, 2, 1, 0, 0), (0, 1, 1, 1, 1, 0), (0, 2, 1, 1, 0, 0), (1, 0, 0, 3, 0, 0), (3, 0, 0, 0, 0, 1), (2, 0, 0, 0, 1, 1), (2, 0, 0, 0, 2, 0), (1, 0, 3, 0, 0, 0), (3, 0, 0, 1, 0, 0), (1, 1, 0, 2, 0, 0), (1, 1, 0, 1, 0, 1), (1, 1, 1, 1, 0, 0), (1, 1, 0, 0, 2, 0), (1, 1, 0, 1, 1, 0), (1, 1, 0, 0, 1, 1), (0, 2, 0, 2, 0, 0), (2, 0, 1, 0, 0, 1), (1, 2, 0, 0, 0, 1), (1, 0, 1, 1, 1, 0), (0, 2, 0, 1, 1, 0), (1, 0, 2, 1, 0, 0), (1, 2, 1, 0, 0, 0), (0, 0, 3, 0, 1, 0), (0, 1, 0, 3, 0, 0), (0, 3, 0, 0, 1, 0), (2, 1, 0, 0, 1, 0), (2, 0, 0, 1, 1, 0), (1, 0, 2, 0, 0, 1), (3, 1, 0, 0, 0, 0), (2, 0, 2, 0, 0, 0), (0, 1, 2, 0, 1, 0), (0, 3, 0, 0, 0, 1), (0, 0, 2, 2, 0, 0), (1, 0, 0, 2, 1, 0), (0, 2, 2, 0, 0, 0), (2, 1, 1, 0, 0, 0), (2, 2, 0, 0, 0, 0), (0, 2, 1, 0, 1, 0), (0, 1, 3, 0, 0, 0), (1, 0, 1, 1, 0, 1), (1, 3, 0, 0, 0, 0), (1, 0, 0, 1, 2, 0), (3, 0, 0, 0, 1, 0), (1, 1, 2, 0, 0, 0), (1, 1, 1, 0, 0, 1), (1, 0, 1, 2, 0, 0), (1, 2, 0, 1, 0, 0), (1, 1, 1, 0, 1, 0), (1, 0, 0, 0, 3, 0), (2, 0, 1, 0, 1, 0), (2, 0, 1, 1, 0, 0), (3, 0, 1, 0, 0, 0), (2, 0, 0, 0, 0, 2), (1, 2, 0, 0, 1, 0), (0, 3, 0, 1, 0, 0), (0, 0, 3, 1, 0, 0), (2, 1, 0, 1, 0, 0), (0, 2, 0, 0, 2, 0)}
(5) 1-PS = (1, 1/2, 1/4, 0, -3/4, -1) yields a state with 65 characters
Maximal nonstable state={(0, 1, 1, 2, 0, 0), (2, 0, 0, 1, 0, 1), (2, 1, 0, 0, 0, 1), (1, 0, 2, 0, 1, 0), (2, 0, 0, 2, 0, 0), (0, 3, 1, 0, 0, 0), (0, 1, 2, 1, 0, 0), (0, 1, 1, 1, 1, 0), (0, 2, 1, 1, 0, 0), (0, 2, 1, 0, 0, 1), (1, 0, 0, 3, 0, 0), (3, 0, 0, 0, 0, 1), (2, 0, 0, 0, 1, 1), (2, 0, 0, 0, 2, 0), (1, 0, 3, 0, 0, 0), (3, 0, 0, 1, 0, 0), (1, 1, 0, 2, 0, 0), (1, 1, 0, 1, 0, 1), (1, 1, 1, 1, 0, 0), (1, 1, 0, 0, 2, 0), (1, 1, 0, 1, 1, 0), (0, 2, 0, 2, 0, 0), (2, 0, 1, 0, 0, 1), (1, 2, 0, 0, 0, 1), (1, 0, 1, 1, 1, 0), (0, 2, 0, 1, 1, 0), (1, 0, 2, 1, 0, 0), (1, 2, 1, 0, 0, 0), (0, 0, 3, 0, 1, 0), (0, 1, 0, 3, 0, 0), (0, 3, 0, 0, 1, 0), (0, 2, 0, 1, 0, 1), (2, 1, 0, 0, 1, 0), (2, 0, 0, 1, 1, 0), (1, 0, 2, 0, 0, 1), (3, 1, 0, 0, 0, 0), (2, 0, 2, 0, 0, 0), (0, 1, 2, 0, 1, 0), (0, 3, 0, 0, 0, 1), (0, 0, 2, 2, 0, 0), (1, 0, 0, 2, 1, 0), (1, 0, 0, 2, 0, 1), (0, 2, 2, 0, 0, 0), (2, 1, 1, 0, 0, 0), (2, 2, 0, 0, 0, 0), (0, 2, 1, 0, 1, 0), (0, 1, 3, 0, 0, 0), (1, 0, 1, 1, 0, 1), (1, 3, 0, 0, 0, 0), (3, 0, 0, 0, 1, 0), (1, 1, 2, 0, 0, 0), (1, 1, 1, 0, 0, 1), (1, 0, 1, 2, 0, 0), (1, 2, 0, 1, 0, 0), (1, 1, 1, 0, 1, 0), (2, 0, 1, 0, 1, 0), (2, 0, 1, 1, 0, 0), (3, 0, 1, 0, 0, 0), (0, 0, 1, 3, 0, 0), (2, 0, 0, 0, 0, 2), (1, 2, 0, 0, 1, 0), (0, 3, 0, 1, 0, 0), (0, 0, 3, 1, 0, 0), (2, 1, 0, 1, 0, 0), (0, 1, 2, 0, 0, 1)}
(6) 1-PS = (1, 3/7, -1/7, -1/7, -3/7, -5/7) yields a state with 63 characters
Maximal nonstable state={(0, 1, 1, 2, 0, 0), (0, 2, 0, 1, 0, 1), (2, 0, 0, 1, 0, 1), (2, 1, 0, 0, 0, 1), (1, 0, 2, 0, 1, 0), (2, 0, 0, 2, 0, 0), (0, 3, 1, 0, 0, 0), (2, 1, 0, 0, 1, 0), (1, 0, 1, 0, 2, 0), (2, 0, 0, 1, 1, 0), (0, 1, 2, 1, 0, 0), (1, 0, 2, 0, 0, 1), (0, 2, 1, 0, 0, 1), (0, 2, 1, 1, 0, 0), (3, 1, 0, 0, 0, 0), (2, 0, 2, 0, 0, 0), (1, 0, 0, 3, 0, 0), (0, 3, 0, 0, 0, 1), (3, 0, 0, 0, 0, 1), (2, 0, 0, 0, 1, 1), (1, 0, 0, 2, 1, 0), (1, 0, 0, 2, 0, 1), (2, 0, 0, 0, 2, 0), (1, 0, 3, 0, 0, 0), (1, 1, 0, 0, 0, 2), (0, 2, 2, 0, 0, 0), (1, 1, 0, 2, 0, 0), (3, 0, 0, 1, 0, 0), (2, 1, 1, 0, 0, 0), (1, 1, 0, 1, 0, 1), (2, 2, 0, 0, 0, 0), (0, 2, 1, 0, 1, 0), (0, 1, 3, 0, 0, 0), (1, 0, 1, 1, 0, 1), (1, 3, 0, 0, 0, 0), (1, 0, 0, 1, 2, 0), (3, 0, 0, 0, 1, 0), (1, 1, 1, 1, 0, 0), (1, 1, 2, 0, 0, 0), (1, 1, 0, 0, 2, 0), (1, 1, 0, 1, 1, 0), (1, 1, 0, 0, 1, 1), (1, 1, 1, 0, 0, 1), (0, 2, 0, 2, 0, 0), (1, 0, 1, 2, 0, 0), (2, 0, 1, 0, 0, 1), (1, 2, 0, 1, 0, 0), (1, 1, 1, 0, 1, 0), (1, 2, 0, 0, 0, 1), (2, 0, 1, 0, 1, 0), (1, 0, 1, 1, 1, 0), (2, 0, 1, 1, 0, 0), (0, 2, 0, 1, 1, 0), (3, 0, 1, 0, 0, 0), (2, 0, 0, 0, 0, 2), (1, 2, 0, 0, 1, 0), (0, 3, 0, 1, 0, 0), (1, 0, 2, 1, 0, 0), (1, 2, 1, 0, 0, 0), (0, 1, 0, 3, 0, 0), (2, 1, 0, 1, 0, 0), (0, 2, 0, 0, 2, 0), (0, 3, 0, 0, 1, 0)}
(7) 1-PS = (1, 1/3, 0, 0, -1/3, -1) yields a state with 67 characters
Maximal nonstable state={(0, 1, 1, 2, 0, 0), (2, 0, 0, 1, 0, 1), (2, 1, 0, 0, 0, 1), (1, 0, 2, 0, 1, 0), (2, 0, 0, 2, 0, 0), (0, 3, 1, 0, 0, 0), (1, 0, 1, 0, 2, 0), (0, 1, 2, 1, 0, 0), (0, 1, 1, 1, 1, 0), (0, 2, 1, 1, 0, 0), (1, 0, 0, 3, 0, 0), (3, 0, 0, 0, 0, 1), (2, 0, 0, 0, 1, 1), (2, 0, 0, 0, 2, 0), (1, 0, 3, 0, 0, 0), (3, 0, 0, 1, 0, 0), (1, 1, 0, 2, 0, 0), (1, 1, 0, 1, 0, 1), (1, 1, 1, 1, 0, 0), (1, 1, 0, 0, 2, 0), (1, 1, 0, 1, 1, 0), (1, 1, 0, 0, 1, 1), (0, 2, 0, 2, 0, 0), (2, 0, 1, 0, 0, 1), (1, 2, 0, 0, 0, 1), (1, 0, 1, 1, 1, 0), (0, 2, 0, 1, 1, 0), (1, 0, 2, 1, 0, 0), (0, 1, 0, 2, 1, 0), (1, 2, 1, 0, 0, 0), (0, 1, 0, 3, 0, 0), (0, 3, 0, 0, 1, 0), (2, 1, 0, 0, 1, 0), (2, 0, 0, 1, 1, 0), (1, 0, 2, 0, 0, 1), (3, 1, 0, 0, 0, 0), (2, 0, 2, 0, 0, 0), (0, 1, 2, 0, 1, 0), (0, 3, 0, 0, 0, 1), (0, 0, 2, 2, 0, 0), (1, 0, 0, 2, 1, 0), (1, 0, 0, 2, 0, 1), (0, 2, 2, 0, 0, 0), (2, 1, 1, 0, 0, 0), (2, 2, 0, 0, 0, 0), (0, 2, 1, 0, 1, 0), (0, 1, 3, 0, 0, 0), (1, 0, 1, 1, 0, 1), (1, 3, 0, 0, 0, 0), (1, 0, 0, 1, 2, 0), (3, 0, 0, 0, 1, 0), (1, 1, 2, 0, 0, 0), (1, 1, 1, 0, 0, 1), (1, 0, 1, 2, 0, 0), (1, 2, 0, 1, 0, 0), (1, 1, 1, 0, 1, 0), (1, 0, 0, 0, 3, 0), (2, 0, 1, 0, 1, 0), (2, 0, 1, 1, 0, 0), (3, 0, 1, 0, 0, 0), (0, 0, 1, 3, 0, 0), (2, 0, 0, 0, 0, 2), (1, 2, 0, 0, 1, 0), (0, 3, 0, 1, 0, 0), (0, 0, 3, 1, 0, 0), (2, 1, 0, 1, 0, 0), (0, 2, 0, 0, 2, 0)}
(8) 1-PS = (1, 1/3, -1/3, -1/3, -1/3, -1/3) yields a state with 69 characters
Maximal nonstable state={(1, 0, 2, 0, 1, 0), (2, 0, 0, 1, 0, 1), (2, 1, 0, 0, 0, 1), (2, 0, 0, 2, 0, 0), (0, 3, 1, 0, 0, 0), (1, 0, 1, 0, 2, 0), (0, 2, 1, 0, 0, 1), (0, 2, 1, 1, 0, 0), (1, 0, 0, 3, 0, 0), (0, 2, 0, 0, 1, 1), (3, 0, 0, 0, 0, 1), (2, 0, 0, 0, 1, 1), (2, 0, 0, 0, 2, 0), (1, 0, 3, 0, 0, 0), (1, 1, 0, 0, 0, 2), (1, 0, 1, 0, 0, 2), (1, 0, 0, 1, 0, 2), (1, 0, 0, 0, 1, 2), (1, 1, 0, 2, 0, 0), (1, 1, 0, 1, 0, 1), (3, 0, 0, 1, 0, 0), (1, 1, 1, 1, 0, 0), (1, 1, 0, 0, 2, 0), (1, 1, 0, 1, 1, 0), (1, 1, 0, 0, 1, 1), (0, 2, 0, 2, 0, 0), (2, 0, 1, 0, 0, 1), (1, 2, 0, 0, 0, 1), (1, 0, 1, 1, 1, 0), (0, 2, 0, 1, 1, 0), (1, 0, 2, 1, 0, 0), (1, 2, 1, 0, 0, 0), (0, 3, 0, 0, 1, 0), (0, 2, 0, 1, 0, 1), (2, 1, 0, 0, 1, 0), (1, 0, 0, 0, 0, 3), (2, 0, 0, 1, 1, 0), (1, 0, 2, 0, 0, 1), (3, 1, 0, 0, 0, 0), (2, 0, 2, 0, 0, 0), (1, 0, 0, 1, 1, 1), (0, 3, 0, 0, 0, 1), (1, 0, 0, 2, 1, 0), (1, 0, 0, 2, 0, 1), (0, 2, 2, 0, 0, 0), (2, 1, 1, 0, 0, 0), (2, 2, 0, 0, 0, 0), (0, 2, 1, 0, 1, 0), (1, 0, 1, 1, 0, 1), (1, 3, 0, 0, 0, 0), (1, 0, 0, 1, 2, 0), (3, 0, 0, 0, 1, 0), (1, 1, 2, 0, 0, 0), (1, 1, 1, 0, 0, 1), (1, 0, 1, 2, 0, 0), (1, 2, 0, 1, 0, 0), (1, 1, 1, 0, 1, 0), (1, 0, 0, 0, 3, 0), (2, 0, 1, 0, 1, 0), (2, 0, 1, 1, 0, 0), (1, 0, 0, 0, 2, 1), (3, 0, 1, 0, 0, 0), (2, 0, 0, 0, 0, 2), (1, 2, 0, 0, 1, 0), (1, 0, 1, 0, 1, 1), (0, 3, 0, 1, 0, 0), (0, 2, 0, 0, 0, 2), (2, 1, 0, 1, 0, 0), (0, 2, 0, 0, 2, 0)}
(9) 1-PS = (1, 3/7, 3/7, 1/7, -5/7, -9/7) yields a state with 68 characters
Maximal nonstable state={(0, 1, 1, 2, 0, 0), (2, 0, 0, 1, 0, 1), (2, 1, 0, 0, 0, 1), (1, 0, 2, 0, 1, 0), (2, 0, 0, 2, 0, 0), (0, 3, 1, 0, 0, 0), (1, 0, 1, 0, 2, 0), (0, 1, 2, 1, 0, 0), (0, 0, 3, 0, 0, 1), (0, 1, 1, 1, 1, 0), (0, 2, 1, 1, 0, 0), (0, 2, 1, 0, 0, 1), (1, 0, 0, 3, 0, 0), (3, 0, 0, 0, 0, 1), (2, 0, 0, 0, 1, 1), (2, 0, 0, 0, 2, 0), (1, 0, 3, 0, 0, 0), (3, 0, 0, 1, 0, 0), (1, 1, 0, 2, 0, 0), (1, 1, 0, 1, 0, 1), (1, 1, 1, 1, 0, 0), (1, 1, 0, 0, 2, 0), (1, 1, 0, 1, 1, 0), (0, 2, 0, 2, 0, 0), (2, 0, 1, 0, 0, 1), (1, 2, 0, 0, 0, 1), (1, 0, 1, 1, 1, 0), (0, 2, 0, 1, 1, 0), (1, 0, 2, 1, 0, 0), (0, 1, 0, 2, 1, 0), (0, 0, 3, 0, 1, 0), (0, 1, 0, 3, 0, 0), (1, 2, 1, 0, 0, 0), (0, 0, 1, 2, 1, 0), (0, 3, 0, 0, 1, 0), (2, 1, 0, 0, 1, 0), (2, 0, 0, 1, 1, 0), (1, 0, 2, 0, 0, 1), (3, 1, 0, 0, 0, 0), (2, 0, 2, 0, 0, 0), (0, 1, 2, 0, 1, 0), (0, 3, 0, 0, 0, 1), (0, 0, 2, 2, 0, 0), (1, 0, 0, 2, 1, 0), (1, 0, 0, 2, 0, 1), (0, 2, 2, 0, 0, 0), (2, 1, 1, 0, 0, 0), (2, 2, 0, 0, 0, 0), (0, 2, 1, 0, 1, 0), (0, 1, 3, 0, 0, 0), (1, 0, 1, 1, 0, 1), (0, 0, 2, 1, 1, 0), (1, 3, 0, 0, 0, 0), (3, 0, 0, 0, 1, 0), (1, 1, 2, 0, 0, 0), (1, 1, 1, 0, 0, 1), (1, 0, 1, 2, 0, 0), (1, 2, 0, 1, 0, 0), (1, 1, 1, 0, 1, 0), (2, 0, 1, 0, 1, 0), (2, 0, 1, 1, 0, 0), (3, 0, 1, 0, 0, 0), (0, 0, 1, 3, 0, 0), (1, 2, 0, 0, 1, 0), (0, 3, 0, 1, 0, 0), (0, 0, 3, 1, 0, 0), (2, 1, 0, 1, 0, 0), (0, 1, 2, 0, 0, 1)}
(10) 1-PS = (1, 3/5, 3/5, -1/5, -1/5, -9/5) yields a state with 74 characters
Maximal nonstable state={(0, 1, 1, 2, 0, 0), (2, 0, 0, 1, 0, 1), (2, 1, 0, 0, 0, 1), (1, 0, 2, 0, 1, 0), (2, 0, 0, 2, 0, 0), (0, 3, 1, 0, 0, 0), (1, 0, 1, 0, 2, 0), (0, 1, 2, 1, 0, 0), (0, 0, 3, 0, 0, 1), (0, 1, 1, 1, 1, 0), (0, 2, 1, 1, 0, 0), (0, 2, 1, 0, 0, 1), (0, 1, 0, 1, 2, 0), (1, 0, 0, 3, 0, 0), (0, 1, 1, 0, 2, 0), (3, 0, 0, 0, 0, 1), (2, 0, 0, 0, 1, 1), (0, 1, 0, 0, 3, 0), (2, 0, 0, 0, 2, 0), (1, 0, 3, 0, 0, 0), (3, 0, 0, 1, 0, 0), (1, 1, 0, 2, 0, 0), (1, 1, 1, 1, 0, 0), (1, 1, 0, 0, 2, 0), (1, 1, 0, 1, 1, 0), (0, 2, 0, 2, 0, 0), (2, 0, 1, 0, 0, 1), (1, 2, 0, 0, 0, 1), (0, 1, 2, 0, 0, 1), (1, 0, 1, 1, 1, 0), (0, 2, 0, 1, 1, 0), (1, 0, 2, 1, 0, 0), (0, 1, 0, 2, 1, 0), (0, 0, 3, 0, 1, 0), (0, 1, 0, 3, 0, 0), (1, 2, 1, 0, 0, 0), (0, 0, 1, 2, 1, 0), (0, 3, 0, 0, 1, 0), (2, 1, 0, 0, 1, 0), (2, 0, 0, 1, 1, 0), (1, 0, 2, 0, 0, 1), (0, 0, 1, 0, 3, 0), (3, 1, 0, 0, 0, 0), (2, 0, 2, 0, 0, 0), (0, 1, 2, 0, 1, 0), (0, 3, 0, 0, 0, 1), (0, 0, 2, 2, 0, 0), (1, 0, 0, 2, 1, 0), (0, 2, 2, 0, 0, 0), (2, 1, 1, 0, 0, 0), (2, 2, 0, 0, 0, 0), (0, 2, 1, 0, 1, 0), (0, 1, 3, 0, 0, 0), (0, 0, 2, 0, 2, 0), (0, 0, 2, 1, 1, 0), (1, 3, 0, 0, 0, 0), (1, 0, 0, 1, 2, 0), (3, 0, 0, 0, 1, 0), (1, 1, 2, 0, 0, 0), (1, 1, 1, 0, 0, 1), (1, 0, 1, 2, 0, 0), (1, 2, 0, 1, 0, 0), (1, 1, 1, 0, 1, 0), (1, 0, 0, 0, 3, 0), (2, 0, 1, 0, 1, 0), (2, 0, 1, 1, 0, 0), (3, 0, 1, 0, 0, 0), (0, 0, 1, 3, 0, 0), (1, 2, 0, 0, 1, 0), (0, 3, 0, 1, 0, 0), (0, 0, 3, 1, 0, 0), (2, 1, 0, 1, 0, 0), (0, 2, 0, 0, 2, 0), (0, 0, 1, 1, 2, 0)}
(11) 1-PS = (1, 9/11, 3/11, -1/11, -5/11, -17/11) yields a state with 67 characters
Maximal nonstable state={(0, 1, 1, 2, 0, 0), (2, 0, 0, 1, 0, 1), (2, 1, 0, 0, 0, 1), (1, 0, 2, 0, 1, 0), (2, 0, 0, 2, 0, 0), (0, 3, 1, 0, 0, 0), (1, 0, 1, 0, 2, 0), (0, 1, 2, 1, 0, 0), (0, 1, 1, 1, 1, 0), (0, 2, 1, 1, 0, 0), (0, 2, 1, 0, 0, 1), (1, 0, 0, 3, 0, 0), (0, 1, 1, 0, 2, 0), (3, 0, 0, 0, 0, 1), (2, 0, 0, 0, 1, 1), (2, 0, 0, 0, 2, 0), (1, 0, 3, 0, 0, 0), (3, 0, 0, 1, 0, 0), (1, 1, 0, 2, 0, 0), (1, 1, 0, 1, 0, 1), (1, 1, 1, 1, 0, 0), (1, 1, 0, 0, 2, 0), (1, 1, 0, 1, 1, 0), (0, 2, 0, 2, 0, 0), (2, 0, 1, 0, 0, 1), (1, 2, 0, 0, 0, 1), (1, 0, 1, 1, 1, 0), (0, 2, 0, 1, 1, 0), (1, 0, 2, 1, 0, 0), (0, 1, 0, 2, 1, 0), (0, 0, 3, 0, 1, 0), (0, 1, 0, 3, 0, 0), (1, 2, 1, 0, 0, 0), (0, 3, 0, 0, 1, 0), (0, 2, 0, 1, 0, 1), (2, 1, 0, 0, 1, 0), (2, 0, 0, 1, 1, 0), (1, 0, 2, 0, 0, 1), (3, 1, 0, 0, 0, 0), (2, 0, 2, 0, 0, 0), (0, 1, 2, 0, 1, 0), (0, 3, 0, 0, 0, 1), (0, 0, 2, 2, 0, 0), (1, 0, 0, 2, 1, 0), (0, 2, 2, 0, 0, 0), (2, 1, 1, 0, 0, 0), (2, 2, 0, 0, 0, 0), (0, 2, 1, 0, 1, 0), (0, 1, 3, 0, 0, 0), (0, 0, 2, 1, 1, 0), (1, 3, 0, 0, 0, 0), (1, 0, 0, 1, 2, 0), (3, 0, 0, 0, 1, 0), (1, 1, 2, 0, 0, 0), (1, 1, 1, 0, 0, 1), (1, 0, 1, 2, 0, 0), (1, 2, 0, 1, 0, 0), (1, 1, 1, 0, 1, 0), (2, 0, 1, 0, 1, 0), (2, 0, 1, 1, 0, 0), (3, 0, 1, 0, 0, 0), (0, 0, 1, 3, 0, 0), (1, 2, 0, 0, 1, 0), (0, 3, 0, 1, 0, 0), (0, 0, 3, 1, 0, 0), (2, 1, 0, 1, 0, 0), (0, 2, 0, 0, 2, 0)}
(12) 1-PS = (1, 2/3, 1/3, 0, -1/3, -5/3) yields a state with 70 characters
Maximal nonstable state={(0, 1, 1, 2, 0, 0), (2, 0, 0, 1, 0, 1), (2, 1, 0, 0, 0, 1), (1, 0, 2, 0, 1, 0), (2, 0, 0, 2, 0, 0), (0, 3, 1, 0, 0, 0), (1, 0, 1, 0, 2, 0), (0, 1, 2, 1, 0, 0), (0, 1, 1, 1, 1, 0), (0, 2, 1, 1, 0, 0), (0, 2, 1, 0, 0, 1), (0, 1, 0, 1, 2, 0), (1, 0, 0, 3, 0, 0), (0, 1, 1, 0, 2, 0), (3, 0, 0, 0, 0, 1), (2, 0, 0, 0, 1, 1), (2, 0, 0, 0, 2, 0), (1, 0, 3, 0, 0, 0), (3, 0, 0, 1, 0, 0), (1, 1, 0, 2, 0, 0), (1, 1, 0, 1, 0, 1), (1, 1, 1, 1, 0, 0), (1, 1, 0, 0, 2, 0), (1, 1, 0, 1, 1, 0), (0, 2, 0, 2, 0, 0), (2, 0, 1, 0, 0, 1), (1, 2, 0, 0, 0, 1), (1, 0, 1, 1, 1, 0), (0, 2, 0, 1, 1, 0), (1, 0, 2, 1, 0, 0), (0, 1, 0, 2, 1, 0), (0, 0, 3, 0, 1, 0), (0, 1, 0, 3, 0, 0), (1, 2, 1, 0, 0, 0), (0, 0, 1, 2, 1, 0), (0, 3, 0, 0, 1, 0), (2, 1, 0, 0, 1, 0), (2, 0, 0, 1, 1, 0), (1, 0, 2, 0, 0, 1), (3, 1, 0, 0, 0, 0), (2, 0, 2, 0, 0, 0), (0, 1, 2, 0, 1, 0), (0, 3, 0, 0, 0, 1), (0, 0, 2, 2, 0, 0), (1, 0, 0, 2, 1, 0), (0, 2, 2, 0, 0, 0), (2, 1, 1, 0, 0, 0), (2, 2, 0, 0, 0, 0), (0, 2, 1, 0, 1, 0), (0, 1, 3, 0, 0, 0), (0, 0, 2, 0, 2, 0), (0, 0, 2, 1, 1, 0), (1, 3, 0, 0, 0, 0), (1, 0, 0, 1, 2, 0), (3, 0, 0, 0, 1, 0), (1, 1, 2, 0, 0, 0), (1, 1, 1, 0, 0, 1), (1, 0, 1, 2, 0, 0), (1, 2, 0, 1, 0, 0), (1, 1, 1, 0, 1, 0), (1, 0, 0, 0, 3, 0), (2, 0, 1, 0, 1, 0), (2, 0, 1, 1, 0, 0), (3, 0, 1, 0, 0, 0), (0, 0, 1, 3, 0, 0), (1, 2, 0, 0, 1, 0), (0, 3, 0, 1, 0, 0), (0, 0, 3, 1, 0, 0), (2, 1, 0, 1, 0, 0), (0, 2, 0, 0, 2, 0)}
(13) 1-PS = (1, 1, 1, -1, -1, -1) yields a state with 78 characters
Maximal nonstable state={(0, 1, 1, 2, 0, 0), (2, 0, 0, 1, 0, 1), (2, 1, 0, 0, 0, 1), (1, 0, 2, 0, 1, 0), (2, 0, 0, 2, 0, 0), (0, 3, 1, 0, 0, 0), (1, 0, 1, 0, 2, 0), (0, 1, 2, 1, 0, 0), (0, 0, 3, 0, 0, 1), (0, 1, 1, 1, 1, 0), (0, 2, 1, 1, 0, 0), (0, 2, 1, 0, 0, 1), (0, 2, 0, 0, 1, 1), (0, 1, 1, 0, 2, 0), (3, 0, 0, 0, 0, 1), (2, 0, 0, 0, 1, 1), (2, 0, 0, 0, 2, 0), (1, 0, 3, 0, 0, 0), (1, 1, 0, 0, 0, 2), (1, 0, 1, 0, 0, 2), (1, 1, 0, 2, 0, 0), (0, 1, 1, 0, 0, 2), (0, 0, 2, 0, 0, 2), (1, 1, 0, 1, 0, 1), (3, 0, 0, 1, 0, 0), (1, 1, 1, 1, 0, 0), (1, 1, 0, 0, 2, 0), (1, 1, 0, 1, 1, 0), (1, 1, 0, 0, 1, 1), (0, 2, 0, 2, 0, 0), (2, 0, 1, 0, 0, 1), (1, 2, 0, 0, 0, 1), (1, 0, 1, 1, 1, 0), (0, 2, 0, 1, 1, 0), (1, 0, 2, 1, 0, 0), (1, 2, 1, 0, 0, 0), (0, 0, 3, 0, 1, 0), (0, 3, 0, 0, 1, 0), (0, 2, 0, 1, 0, 1), (2, 1, 0, 0, 1, 0), (0, 1, 1, 1, 0, 1), (2, 0, 0, 1, 1, 0), (1, 0, 2, 0, 0, 1), (3, 1, 0, 0, 0, 0), (2, 0, 2, 0, 0, 0), (0, 1, 2, 0, 1, 0), (0, 1, 1, 0, 1, 1), (0, 3, 0, 0, 0, 1), (0, 0, 2, 2, 0, 0), (0, 0, 2, 1, 0, 1), (0, 2, 2, 0, 0, 0), (0, 2, 0, 0, 2, 0), (2, 1, 1, 0, 0, 0), (2, 2, 0, 0, 0, 0), (0, 2, 1, 0, 1, 0), (0, 1, 3, 0, 0, 0), (1, 0, 1, 1, 0, 1), (0, 0, 2, 0, 2, 0), (0, 0, 2, 1, 1, 0), (1, 3, 0, 0, 0, 0), (3, 0, 0, 0, 1, 0), (1, 1, 2, 0, 0, 0), (1, 1, 1, 0, 0, 1), (1, 0, 1, 2, 0, 0), (1, 2, 0, 1, 0, 0), (1, 1, 1, 0, 1, 0), (2, 0, 1, 0, 1, 0), (2, 0, 1, 1, 0, 0), (3, 0, 1, 0, 0, 0), (0, 0, 2, 0, 1, 1), (2, 0, 0, 0, 0, 2), (1, 2, 0, 0, 1, 0), (1, 0, 1, 0, 1, 1), (0, 3, 0, 1, 0, 0), (0, 2, 0, 0, 0, 2), (0, 0, 3, 1, 0, 0), (2, 1, 0, 1, 0, 0), (0, 1, 2, 0, 0, 1)}
(14) 1-PS = (1, 1/2, 0, -1/6, -1/3, -1) yields a state with 62 characters
Maximal nonstable state={(0, 1, 1, 2, 0, 0), (2, 0, 0, 1, 0, 1), (2, 1, 0, 0, 0, 1), (1, 0, 2, 0, 1, 0), (2, 0, 0, 2, 0, 0), (0, 3, 1, 0, 0, 0), (2, 1, 0, 0, 1, 0), (1, 0, 1, 0, 2, 0), (2, 0, 0, 1, 1, 0), (0, 1, 2, 1, 0, 0), (1, 0, 2, 0, 0, 1), (0, 1, 1, 1, 1, 0), (0, 2, 1, 1, 0, 0), (0, 2, 1, 0, 0, 1), (3, 1, 0, 0, 0, 0), (2, 0, 2, 0, 0, 0), (0, 1, 2, 0, 1, 0), (1, 0, 0, 3, 0, 0), (0, 3, 0, 0, 0, 1), (3, 0, 0, 0, 0, 1), (2, 0, 0, 0, 1, 1), (1, 0, 0, 2, 1, 0), (2, 0, 0, 0, 2, 0), (1, 0, 3, 0, 0, 0), (0, 2, 2, 0, 0, 0), (3, 0, 0, 1, 0, 0), (1, 1, 0, 2, 0, 0), (2, 1, 1, 0, 0, 0), (1, 1, 0, 1, 0, 1), (2, 2, 0, 0, 0, 0), (0, 2, 1, 0, 1, 0), (0, 1, 3, 0, 0, 0), (1, 3, 0, 0, 0, 0), (1, 0, 0, 1, 2, 0), (3, 0, 0, 0, 1, 0), (1, 1, 1, 1, 0, 0), (1, 1, 2, 0, 0, 0), (1, 1, 0, 0, 2, 0), (1, 1, 0, 1, 1, 0), (1, 1, 0, 0, 1, 1), (1, 1, 1, 0, 0, 1), (0, 2, 0, 2, 0, 0), (1, 0, 1, 2, 0, 0), (2, 0, 1, 0, 0, 1), (1, 2, 0, 1, 0, 0), (1, 1, 1, 0, 1, 0), (1, 2, 0, 0, 0, 1), (1, 0, 0, 0, 3, 0), (2, 0, 1, 0, 1, 0), (1, 0, 1, 1, 1, 0), (2, 0, 1, 1, 0, 0), (0, 2, 0, 1, 1, 0), (3, 0, 1, 0, 0, 0), (2, 0, 0, 0, 0, 2), (1, 2, 0, 0, 1, 0), (0, 3, 0, 1, 0, 0), (1, 0, 2, 1, 0, 0), (1, 2, 1, 0, 0, 0), (0, 1, 0, 3, 0, 0), (2, 1, 0, 1, 0, 0), (0, 2, 0, 0, 2, 0), (0, 3, 0, 0, 1, 0)}
(15) 1-PS = (1, 7/15, 1/5, -1/3, -3/5, -11/15) yields a state with 61 characters
Maximal nonstable state={(0, 1, 1, 2, 0, 0), (2, 0, 0, 1, 0, 1), (2, 1, 0, 0, 0, 1), (1, 0, 2, 0, 1, 0), (2, 0, 0, 2, 0, 0), (0, 3, 1, 0, 0, 0), (2, 1, 0, 0, 1, 0), (1, 0, 1, 0, 2, 0), (2, 0, 0, 1, 1, 0), (0, 1, 2, 1, 0, 0), (1, 0, 2, 0, 0, 1), (0, 2, 1, 0, 0, 1), (0, 2, 1, 1, 0, 0), (3, 1, 0, 0, 0, 0), (2, 0, 2, 0, 0, 0), (0, 1, 2, 0, 1, 0), (1, 0, 0, 3, 0, 0), (0, 3, 0, 0, 0, 1), (3, 0, 0, 0, 0, 1), (2, 0, 0, 0, 1, 1), (2, 0, 0, 0, 2, 0), (1, 0, 3, 0, 0, 0), (1, 1, 0, 0, 0, 2), (0, 2, 2, 0, 0, 0), (1, 1, 0, 2, 0, 0), (3, 0, 0, 1, 0, 0), (2, 1, 1, 0, 0, 0), (1, 1, 0, 1, 0, 1), (2, 2, 0, 0, 0, 0), (0, 2, 1, 0, 1, 0), (0, 1, 3, 0, 0, 0), (1, 0, 1, 1, 0, 1), (1, 3, 0, 0, 0, 0), (3, 0, 0, 0, 1, 0), (1, 1, 1, 1, 0, 0), (1, 1, 2, 0, 0, 0), (1, 1, 0, 0, 2, 0), (1, 1, 0, 1, 1, 0), (1, 1, 0, 0, 1, 1), (1, 1, 1, 0, 0, 1), (0, 2, 0, 2, 0, 0), (1, 0, 1, 2, 0, 0), (2, 0, 1, 0, 0, 1), (1, 2, 0, 1, 0, 0), (1, 1, 1, 0, 1, 0), (1, 2, 0, 0, 0, 1), (2, 0, 1, 0, 1, 0), (1, 0, 1, 1, 1, 0), (2, 0, 1, 1, 0, 0), (0, 2, 0, 1, 1, 0), (3, 0, 1, 0, 0, 0), (2, 0, 0, 0, 0, 2), (1, 2, 0, 0, 1, 0), (0, 3, 0, 1, 0, 0), (0, 0, 3, 1, 0, 0), (1, 0, 2, 1, 0, 0), (1, 2, 1, 0, 0, 0), (0, 0, 3, 0, 1, 0), (2, 1, 0, 1, 0, 0), (0, 1, 2, 0, 0, 1), (0, 3, 0, 0, 1, 0)}
(16) 1-PS = (1, 5/9, -1/9, -1/3, -1/3, -7/9) yields a state with 62 characters
Maximal nonstable state={(0, 2, 0, 1, 0, 1), (1, 0, 2, 0, 1, 0), (2, 0, 0, 1, 0, 1), (2, 1, 0, 0, 0, 1), (2, 0, 0, 2, 0, 0), (0, 3, 1, 0, 0, 0), (2, 1, 0, 0, 1, 0), (1, 0, 1, 0, 2, 0), (2, 0, 0, 1, 1, 0), (0, 1, 2, 1, 0, 0), (1, 0, 2, 0, 0, 1), (0, 2, 1, 0, 0, 1), (0, 2, 1, 1, 0, 0), (3, 1, 0, 0, 0, 0), (2, 0, 2, 0, 0, 0), (0, 1, 2, 0, 1, 0), (1, 0, 0, 3, 0, 0), (0, 2, 0, 0, 1, 1), (0, 3, 0, 0, 0, 1), (3, 0, 0, 0, 0, 1), (2, 0, 0, 0, 1, 1), (1, 0, 0, 2, 1, 0), (2, 0, 0, 0, 2, 0), (1, 0, 3, 0, 0, 0), (1, 1, 0, 0, 0, 2), (0, 2, 2, 0, 0, 0), (1, 1, 0, 2, 0, 0), (3, 0, 0, 1, 0, 0), (2, 1, 1, 0, 0, 0), (1, 1, 0, 1, 0, 1), (2, 2, 0, 0, 0, 0), (0, 2, 1, 0, 1, 0), (0, 1, 3, 0, 0, 0), (1, 3, 0, 0, 0, 0), (1, 0, 0, 1, 2, 0), (3, 0, 0, 0, 1, 0), (1, 1, 1, 1, 0, 0), (1, 1, 2, 0, 0, 0), (1, 1, 0, 0, 2, 0), (1, 1, 0, 1, 1, 0), (1, 1, 0, 0, 1, 1), (1, 1, 1, 0, 0, 1), (0, 2, 0, 2, 0, 0), (1, 0, 1, 2, 0, 0), (2, 0, 1, 0, 0, 1), (1, 2, 0, 1, 0, 0), (1, 1, 1, 0, 1, 0), (1, 2, 0, 0, 0, 1), (1, 0, 0, 0, 3, 0), (2, 0, 1, 0, 1, 0), (1, 0, 1, 1, 1, 0), (2, 0, 1, 1, 0, 0), (0, 2, 0, 1, 1, 0), (3, 0, 1, 0, 0, 0), (2, 0, 0, 0, 0, 2), (1, 2, 0, 0, 1, 0), (0, 3, 0, 1, 0, 0), (1, 0, 2, 1, 0, 0), (1, 2, 1, 0, 0, 0), (2, 1, 0, 1, 0, 0), (0, 2, 0, 0, 2, 0), (0, 3, 0, 0, 1, 0)}
(17) 1-PS = (1, 1, 0, 0, 0, -2) yields a state with 78 characters
Maximal nonstable state={(0, 1, 1, 2, 0, 0), (2, 0, 0, 1, 0, 1), (2, 1, 0, 0, 0, 1), (1, 0, 2, 0, 1, 0), (2, 0, 0, 2, 0, 0), (0, 3, 1, 0, 0, 0), (1, 0, 1, 0, 2, 0), (0, 1, 2, 1, 0, 0), (0, 1, 1, 1, 1, 0), (0, 2, 1, 1, 0, 0), (0, 2, 1, 0, 0, 1), (0, 1, 0, 1, 2, 0), (1, 0, 0, 3, 0, 0), (0, 2, 0, 0, 1, 1), (0, 1, 1, 0, 2, 0), (3, 0, 0, 0, 0, 1), (2, 0, 0, 0, 1, 1), (0, 1, 0, 0, 3, 0), (2, 0, 0, 0, 2, 0), (1, 0, 3, 0, 0, 0), (3, 0, 0, 1, 0, 0), (1, 1, 0, 2, 0, 0), (1, 1, 0, 1, 0, 1), (1, 1, 1, 1, 0, 0), (1, 1, 0, 0, 2, 0), (1, 1, 0, 1, 1, 0), (1, 1, 0, 0, 1, 1), (0, 2, 0, 2, 0, 0), (2, 0, 1, 0, 0, 1), (1, 2, 0, 0, 0, 1), (1, 0, 1, 1, 1, 0), (0, 2, 0, 1, 1, 0), (1, 0, 2, 1, 0, 0), (0, 1, 0, 2, 1, 0), (0, 0, 3, 0, 1, 0), (0, 1, 0, 3, 0, 0), (1, 2, 1, 0, 0, 0), (0, 0, 1, 2, 1, 0), (0, 3, 0, 0, 1, 0), (0, 2, 0, 1, 0, 1), (2, 1, 0, 0, 1, 0), (2, 0, 0, 1, 1, 0), (0, 0, 1, 0, 3, 0), (3, 1, 0, 0, 0, 0), (2, 0, 2, 0, 0, 0), (0, 1, 2, 0, 1, 0), (0, 3, 0, 0, 0, 1), (0, 0, 2, 2, 0, 0), (1, 0, 0, 2, 1, 0), (0, 2, 2, 0, 0, 0), (2, 1, 1, 0, 0, 0), (2, 2, 0, 0, 0, 0), (0, 2, 1, 0, 1, 0), (0, 1, 3, 0, 0, 0), (0, 0, 2, 0, 2, 0), (0, 0, 2, 1, 1, 0), (0, 0, 0, 2, 2, 0), (1, 3, 0, 0, 0, 0), (1, 0, 0, 1, 2, 0), (0, 0, 0, 3, 1, 0), (3, 0, 0, 0, 1, 0), (1, 1, 2, 0, 0, 0), (1, 1, 1, 0, 0, 1), (1, 0, 1, 2, 0, 0), (1, 2, 0, 1, 0, 0), (1, 1, 1, 0, 1, 0), (0, 0, 0, 1, 3, 0), (1, 0, 0, 0, 3, 0), (2, 0, 1, 0, 1, 0), (2, 0, 1, 1, 0, 0), (3, 0, 1, 0, 0, 0), (0, 0, 1, 3, 0, 0), (1, 2, 0, 0, 1, 0), (0, 3, 0, 1, 0, 0), (0, 0, 3, 1, 0, 0), (2, 1, 0, 1, 0, 0), (0, 2, 0, 0, 2, 0), (0, 0, 1, 1, 2, 0)}
(18) 1-PS = (1, 7/9, 1/9, -1/3, -5/9, -1) yields a state with 62 characters
Maximal nonstable state={(0, 1, 1, 2, 0, 0), (0, 2, 0, 1, 0, 1), (2, 0, 0, 1, 0, 1), (2, 1, 0, 0, 0, 1), (1, 0, 2, 0, 1, 0), (2, 0, 0, 2, 0, 0), (0, 3, 1, 0, 0, 0), (2, 1, 0, 0, 1, 0), (1, 0, 1, 0, 2, 0), (2, 0, 0, 1, 1, 0), (0, 1, 2, 1, 0, 0), (1, 0, 2, 0, 0, 1), (0, 1, 1, 1, 1, 0), (0, 2, 1, 1, 0, 0), (0, 2, 1, 0, 0, 1), (3, 1, 0, 0, 0, 0), (2, 0, 2, 0, 0, 0), (0, 1, 2, 0, 1, 0), (1, 0, 0, 3, 0, 0), (0, 2, 0, 0, 1, 1), (0, 3, 0, 0, 0, 1), (3, 0, 0, 0, 0, 1), (2, 0, 0, 0, 1, 1), (2, 0, 0, 0, 2, 0), (1, 0, 3, 0, 0, 0), (0, 2, 2, 0, 0, 0), (3, 0, 0, 1, 0, 0), (1, 1, 0, 2, 0, 0), (2, 1, 1, 0, 0, 0), (1, 1, 0, 1, 0, 1), (2, 2, 0, 0, 0, 0), (0, 2, 1, 0, 1, 0), (0, 1, 3, 0, 0, 0), (1, 3, 0, 0, 0, 0), (3, 0, 0, 0, 1, 0), (1, 1, 1, 1, 0, 0), (1, 1, 2, 0, 0, 0), (1, 1, 0, 0, 2, 0), (1, 1, 0, 1, 1, 0), (1, 1, 0, 0, 1, 1), (1, 1, 1, 0, 0, 1), (0, 2, 0, 2, 0, 0), (1, 0, 1, 2, 0, 0), (2, 0, 1, 0, 0, 1), (1, 2, 0, 1, 0, 0), (1, 1, 1, 0, 1, 0), (1, 2, 0, 0, 0, 1), (0, 1, 2, 0, 0, 1), (1, 0, 1, 1, 1, 0), (2, 0, 1, 0, 1, 0), (2, 0, 1, 1, 0, 0), (0, 2, 0, 1, 1, 0), (3, 0, 1, 0, 0, 0), (2, 0, 0, 0, 0, 2), (1, 2, 0, 0, 1, 0), (0, 3, 0, 1, 0, 0), (0, 0, 3, 1, 0, 0), (1, 0, 2, 1, 0, 0), (1, 2, 1, 0, 0, 0), (2, 1, 0, 1, 0, 0), (0, 2, 0, 0, 2, 0), (0, 3, 0, 0, 1, 0)}
(19) 1-PS = (1, 2/3, 0, -1/3, -1/3, -1) yields a state with 64 characters
Maximal nonstable state={(0, 1, 1, 2, 0, 0), (2, 0, 0, 1, 0, 1), (2, 1, 0, 0, 0, 1), (1, 0, 2, 0, 1, 0), (2, 0, 0, 2, 0, 0), (0, 3, 1, 0, 0, 0), (1, 0, 1, 0, 2, 0), (0, 1, 2, 1, 0, 0), (0, 1, 1, 1, 1, 0), (0, 2, 1, 1, 0, 0), (0, 2, 1, 0, 0, 1), (1, 0, 0, 3, 0, 0), (0, 2, 0, 0, 1, 1), (0, 1, 1, 0, 2, 0), (3, 0, 0, 0, 0, 1), (2, 0, 0, 0, 1, 1), (2, 0, 0, 0, 2, 0), (1, 0, 3, 0, 0, 0), (3, 0, 0, 1, 0, 0), (1, 1, 0, 2, 0, 0), (1, 1, 0, 1, 0, 1), (1, 1, 1, 1, 0, 0), (1, 1, 0, 0, 2, 0), (1, 1, 0, 1, 1, 0), (1, 1, 0, 0, 1, 1), (0, 2, 0, 2, 0, 0), (2, 0, 1, 0, 0, 1), (1, 2, 0, 0, 0, 1), (1, 0, 1, 1, 1, 0), (0, 2, 0, 1, 1, 0), (1, 0, 2, 1, 0, 0), (1, 2, 1, 0, 0, 0), (0, 3, 0, 0, 1, 0), (0, 2, 0, 1, 0, 1), (2, 1, 0, 0, 1, 0), (2, 0, 0, 1, 1, 0), (1, 0, 2, 0, 0, 1), (3, 1, 0, 0, 0, 0), (2, 0, 2, 0, 0, 0), (0, 1, 2, 0, 1, 0), (0, 3, 0, 0, 0, 1), (1, 0, 0, 2, 1, 0), (0, 2, 2, 0, 0, 0), (2, 1, 1, 0, 0, 0), (2, 2, 0, 0, 0, 0), (0, 2, 1, 0, 1, 0), (0, 1, 3, 0, 0, 0), (1, 3, 0, 0, 0, 0), (1, 0, 0, 1, 2, 0), (3, 0, 0, 0, 1, 0), (1, 1, 2, 0, 0, 0), (1, 1, 1, 0, 0, 1), (1, 0, 1, 2, 0, 0), (1, 2, 0, 1, 0, 0), (1, 1, 1, 0, 1, 0), (1, 0, 0, 0, 3, 0), (2, 0, 1, 0, 1, 0), (2, 0, 1, 1, 0, 0), (3, 0, 1, 0, 0, 0), (2, 0, 0, 0, 0, 2), (1, 2, 0, 0, 1, 0), (0, 3, 0, 1, 0, 0), (2, 1, 0, 1, 0, 0), (0, 2, 0, 0, 2, 0)}
(20) 1-PS = (1, 5/7, 3/7, -1/7, -5/7, -9/7) yields a state with 67 characters
Maximal nonstable state={(0, 1, 1, 2, 0, 0), (2, 0, 0, 1, 0, 1), (2, 1, 0, 0, 0, 1), (1, 0, 2, 0, 1, 0), (2, 0, 0, 2, 0, 0), (0, 3, 1, 0, 0, 0), (1, 0, 1, 0, 2, 0), (0, 1, 2, 1, 0, 0), (0, 0, 3, 0, 0, 1), (0, 1, 1, 1, 1, 0), (0, 2, 1, 1, 0, 0), (0, 2, 1, 0, 0, 1), (1, 0, 0, 3, 0, 0), (3, 0, 0, 0, 0, 1), (2, 0, 0, 0, 1, 1), (2, 0, 0, 0, 2, 0), (1, 0, 3, 0, 0, 0), (3, 0, 0, 1, 0, 0), (1, 1, 0, 2, 0, 0), (1, 1, 0, 1, 0, 1), (1, 1, 1, 1, 0, 0), (1, 1, 0, 0, 2, 0), (1, 1, 0, 1, 1, 0), (0, 2, 0, 2, 0, 0), (2, 0, 1, 0, 0, 1), (1, 2, 0, 0, 0, 1), (1, 0, 1, 1, 1, 0), (0, 2, 0, 1, 1, 0), (1, 0, 2, 1, 0, 0), (1, 2, 1, 0, 0, 0), (0, 0, 3, 0, 1, 0), (0, 1, 0, 3, 0, 0), (0, 3, 0, 0, 1, 0), (0, 2, 0, 1, 0, 1), (2, 1, 0, 0, 1, 0), (2, 0, 0, 1, 1, 0), (1, 0, 2, 0, 0, 1), (3, 1, 0, 0, 0, 0), (2, 0, 2, 0, 0, 0), (0, 1, 2, 0, 1, 0), (0, 3, 0, 0, 0, 1), (0, 0, 2, 2, 0, 0), (1, 0, 0, 2, 1, 0), (0, 2, 2, 0, 0, 0), (0, 2, 0, 0, 2, 0), (2, 1, 1, 0, 0, 0), (2, 2, 0, 0, 0, 0), (0, 2, 1, 0, 1, 0), (0, 1, 3, 0, 0, 0), (1, 0, 1, 1, 0, 1), (0, 0, 2, 1, 1, 0), (1, 3, 0, 0, 0, 0), (3, 0, 0, 0, 1, 0), (1, 1, 2, 0, 0, 0), (1, 1, 1, 0, 0, 1), (1, 0, 1, 2, 0, 0), (1, 2, 0, 1, 0, 0), (1, 1, 1, 0, 1, 0), (2, 0, 1, 0, 1, 0), (2, 0, 1, 1, 0, 0), (3, 0, 1, 0, 0, 0), (0, 0, 1, 3, 0, 0), (1, 2, 0, 0, 1, 0), (0, 3, 0, 1, 0, 0), (0, 0, 3, 1, 0, 0), (2, 1, 0, 1, 0, 0), (0, 1, 2, 0, 0, 1)}
(21) 1-PS = (1, 1/3, 1/6, 0, -1/2, -1) yields a state with 64 characters
Maximal nonstable state={(0, 1, 1, 2, 0, 0), (2, 0, 0, 1, 0, 1), (2, 1, 0, 0, 0, 1), (1, 0, 2, 0, 1, 0), (2, 0, 0, 2, 0, 0), (0, 3, 1, 0, 0, 0), (1, 0, 1, 0, 2, 0), (0, 1, 2, 1, 0, 0), (0, 1, 1, 1, 1, 0), (0, 2, 1, 1, 0, 0), (1, 0, 0, 3, 0, 0), (3, 0, 0, 0, 0, 1), (2, 0, 0, 0, 1, 1), (2, 0, 0, 0, 2, 0), (1, 0, 3, 0, 0, 0), (3, 0, 0, 1, 0, 0), (1, 1, 0, 2, 0, 0), (1, 1, 0, 1, 0, 1), (1, 1, 1, 1, 0, 0), (1, 1, 0, 0, 2, 0), (1, 1, 0, 1, 1, 0), (0, 2, 0, 2, 0, 0), (2, 0, 1, 0, 0, 1), (1, 2, 0, 0, 0, 1), (1, 0, 1, 1, 1, 0), (0, 2, 0, 1, 1, 0), (1, 0, 2, 1, 0, 0), (1, 2, 1, 0, 0, 0), (0, 0, 3, 0, 1, 0), (0, 1, 0, 3, 0, 0), (0, 3, 0, 0, 1, 0), (2, 1, 0, 0, 1, 0), (2, 0, 0, 1, 1, 0), (1, 0, 2, 0, 0, 1), (3, 1, 0, 0, 0, 0), (2, 0, 2, 0, 0, 0), (0, 1, 2, 0, 1, 0), (0, 3, 0, 0, 0, 1), (0, 0, 2, 2, 0, 0), (1, 0, 0, 2, 1, 0), (1, 0, 0, 2, 0, 1), (0, 2, 2, 0, 0, 0), (2, 1, 1, 0, 0, 0), (2, 2, 0, 0, 0, 0), (0, 2, 1, 0, 1, 0), (0, 1, 3, 0, 0, 0), (1, 0, 1, 1, 0, 1), (1, 3, 0, 0, 0, 0), (1, 0, 0, 1, 2, 0), (3, 0, 0, 0, 1, 0), (1, 1, 2, 0, 0, 0), (1, 1, 1, 0, 0, 1), (1, 0, 1, 2, 0, 0), (1, 2, 0, 1, 0, 0), (1, 1, 1, 0, 1, 0), (2, 0, 1, 0, 1, 0), (2, 0, 1, 1, 0, 0), (3, 0, 1, 0, 0, 0), (0, 0, 1, 3, 0, 0), (2, 0, 0, 0, 0, 2), (1, 2, 0, 0, 1, 0), (0, 3, 0, 1, 0, 0), (0, 0, 3, 1, 0, 0), (2, 1, 0, 1, 0, 0)}
(22) 1-PS = (1, 0, 0, -1/3, -1/3, -1/3) yields a state with 58 characters
Maximal nonstable state={(1, 0, 2, 0, 1, 0), (2, 0, 0, 1, 0, 1), (2, 1, 0, 0, 0, 1), (2, 0, 0, 2, 0, 0), (0, 3, 1, 0, 0, 0), (2, 1, 0, 0, 1, 0), (1, 0, 1, 0, 2, 0), (1, 0, 0, 0, 0, 3), (2, 0, 0, 1, 1, 0), (1, 0, 2, 0, 0, 1), (3, 1, 0, 0, 0, 0), (2, 0, 2, 0, 0, 0), (1, 0, 0, 1, 1, 1), (1, 0, 0, 3, 0, 0), (3, 0, 0, 0, 0, 1), (2, 0, 0, 0, 1, 1), (1, 0, 0, 2, 1, 0), (1, 0, 0, 2, 0, 1), (2, 0, 0, 0, 2, 0), (1, 0, 3, 0, 0, 0), (1, 0, 1, 0, 0, 2), (1, 0, 0, 1, 0, 2), (1, 0, 0, 0, 1, 2), (1, 1, 0, 0, 0, 2), (1, 1, 0, 2, 0, 0), (1, 1, 0, 1, 0, 1), (0, 2, 2, 0, 0, 0), (2, 1, 1, 0, 0, 0), (3, 0, 0, 1, 0, 0), (0, 1, 3, 0, 0, 0), (1, 0, 1, 1, 0, 1), (2, 2, 0, 0, 0, 0), (1, 3, 0, 0, 0, 0), (1, 0, 0, 1, 2, 0), (3, 0, 0, 0, 1, 0), (1, 1, 1, 1, 0, 0), (1, 1, 2, 0, 0, 0), (1, 1, 0, 0, 2, 0), (1, 1, 0, 1, 1, 0), (1, 1, 0, 0, 1, 1), (1, 1, 1, 0, 0, 1), (1, 0, 1, 2, 0, 0), (2, 0, 1, 0, 0, 1), (1, 2, 0, 1, 0, 0), (1, 1, 1, 0, 1, 0), (1, 2, 0, 0, 0, 1), (1, 0, 0, 0, 3, 0), (2, 0, 1, 0, 1, 0), (1, 0, 1, 1, 1, 0), (2, 0, 1, 1, 0, 0), (1, 0, 0, 0, 2, 1), (3, 0, 1, 0, 0, 0), (2, 0, 0, 0, 0, 2), (1, 2, 0, 0, 1, 0), (1, 0, 1, 0, 1, 1), (1, 0, 2, 1, 0, 0), (1, 2, 1, 0, 0, 0), (2, 1, 0, 1, 0, 0)}
(23) 1-PS = (1, 5/9, 1/3, 1/9, -7/9, -11/9) yields a state with 66 characters
Maximal nonstable state={(0, 1, 1, 2, 0, 0), (2, 0, 0, 1, 0, 1), (2, 1, 0, 0, 0, 1), (1, 0, 2, 0, 1, 0), (2, 0, 0, 2, 0, 0), (0, 3, 1, 0, 0, 0), (0, 1, 2, 1, 0, 0), (0, 1, 1, 1, 1, 0), (0, 2, 1, 1, 0, 0), (0, 2, 1, 0, 0, 1), (1, 0, 0, 3, 0, 0), (3, 0, 0, 0, 0, 1), (2, 0, 0, 0, 1, 1), (2, 0, 0, 0, 2, 0), (1, 0, 3, 0, 0, 0), (3, 0, 0, 1, 0, 0), (1, 1, 0, 2, 0, 0), (1, 1, 0, 1, 0, 1), (1, 1, 1, 1, 0, 0), (1, 1, 0, 0, 2, 0), (1, 1, 0, 1, 1, 0), (0, 2, 0, 2, 0, 0), (2, 0, 1, 0, 0, 1), (1, 2, 0, 0, 0, 1), (1, 0, 1, 1, 1, 0), (0, 2, 0, 1, 1, 0), (1, 0, 2, 1, 0, 0), (0, 1, 0, 2, 1, 0), (0, 0, 3, 0, 1, 0), (0, 1, 0, 3, 0, 0), (1, 2, 1, 0, 0, 0), (0, 3, 0, 0, 1, 0), (0, 2, 0, 1, 0, 1), (2, 1, 0, 0, 1, 0), (2, 0, 0, 1, 1, 0), (1, 0, 2, 0, 0, 1), (3, 1, 0, 0, 0, 0), (2, 0, 2, 0, 0, 0), (0, 1, 2, 0, 1, 0), (0, 3, 0, 0, 0, 1), (0, 0, 2, 2, 0, 0), (1, 0, 0, 2, 1, 0), (1, 0, 0, 2, 0, 1), (0, 2, 2, 0, 0, 0), (2, 1, 1, 0, 0, 0), (2, 2, 0, 0, 0, 0), (0, 2, 1, 0, 1, 0), (0, 1, 3, 0, 0, 0), (1, 0, 1, 1, 0, 1), (0, 0, 2, 1, 1, 0), (1, 3, 0, 0, 0, 0), (3, 0, 0, 0, 1, 0), (1, 1, 2, 0, 0, 0), (1, 1, 1, 0, 0, 1), (1, 0, 1, 2, 0, 0), (1, 2, 0, 1, 0, 0), (1, 1, 1, 0, 1, 0), (2, 0, 1, 0, 1, 0), (2, 0, 1, 1, 0, 0), (3, 0, 1, 0, 0, 0), (0, 0, 1, 3, 0, 0), (1, 2, 0, 0, 1, 0), (0, 3, 0, 1, 0, 0), (0, 0, 3, 1, 0, 0), (2, 1, 0, 1, 0, 0), (0, 1, 2, 0, 0, 1)}
(24) 1-PS = (1, 1, 1/3, -1/3, -1, -1) yields a state with 69 characters
Maximal nonstable state={(0, 1, 1, 2, 0, 0), (2, 0, 0, 1, 0, 1), (2, 1, 0, 0, 0, 1), (1, 0, 2, 0, 1, 0), (2, 0, 0, 2, 0, 0), (0, 3, 1, 0, 0, 0), (0, 1, 2, 1, 0, 0), (0, 0, 3, 0, 0, 1), (0, 1, 1, 1, 1, 0), (0, 2, 1, 1, 0, 0), (0, 2, 1, 0, 0, 1), (1, 0, 0, 3, 0, 0), (0, 2, 0, 0, 1, 1), (3, 0, 0, 0, 0, 1), (2, 0, 0, 0, 1, 1), (2, 0, 0, 0, 2, 0), (1, 0, 3, 0, 0, 0), (1, 1, 0, 0, 0, 2), (3, 0, 0, 1, 0, 0), (1, 1, 0, 2, 0, 0), (1, 1, 0, 1, 0, 1), (1, 1, 1, 1, 0, 0), (1, 1, 0, 0, 2, 0), (1, 1, 0, 1, 1, 0), (1, 1, 0, 0, 1, 1), (0, 2, 0, 2, 0, 0), (2, 0, 1, 0, 0, 1), (1, 2, 0, 0, 0, 1), (1, 0, 1, 1, 1, 0), (0, 2, 0, 1, 1, 0), (1, 0, 2, 1, 0, 0), (1, 2, 1, 0, 0, 0), (0, 0, 3, 0, 1, 0), (0, 1, 0, 3, 0, 0), (0, 3, 0, 0, 1, 0), (0, 2, 0, 1, 0, 1), (2, 1, 0, 0, 1, 0), (0, 1, 1, 1, 0, 1), (2, 0, 0, 1, 1, 0), (1, 0, 2, 0, 0, 1), (3, 1, 0, 0, 0, 0), (2, 0, 2, 0, 0, 0), (0, 1, 2, 0, 1, 0), (0, 3, 0, 0, 0, 1), (0, 0, 2, 2, 0, 0), (0, 2, 2, 0, 0, 0), (0, 2, 0, 0, 2, 0), (2, 1, 1, 0, 0, 0), (2, 2, 0, 0, 0, 0), (0, 2, 1, 0, 1, 0), (0, 1, 3, 0, 0, 0), (1, 0, 1, 1, 0, 1), (1, 3, 0, 0, 0, 0), (3, 0, 0, 0, 1, 0), (1, 1, 2, 0, 0, 0), (1, 1, 1, 0, 0, 1), (1, 0, 1, 2, 0, 0), (1, 2, 0, 1, 0, 0), (1, 1, 1, 0, 1, 0), (2, 0, 1, 0, 1, 0), (2, 0, 1, 1, 0, 0), (3, 0, 1, 0, 0, 0), (2, 0, 0, 0, 0, 2), (1, 2, 0, 0, 1, 0), (0, 3, 0, 1, 0, 0), (0, 2, 0, 0, 0, 2), (0, 0, 3, 1, 0, 0), (2, 1, 0, 1, 0, 0), (0, 1, 2, 0, 0, 1)}
(25) 1-PS = (1, 1/2, 1/2, 0, -1/2, -3/2) yields a state with 71 characters
Maximal nonstable state={(0, 1, 1, 2, 0, 0), (2, 0, 0, 1, 0, 1), (2, 1, 0, 0, 0, 1), (1, 0, 2, 0, 1, 0), (2, 0, 0, 2, 0, 0), (0, 3, 1, 0, 0, 0), (1, 0, 1, 0, 2, 0), (0, 1, 2, 1, 0, 0), (0, 0, 3, 0, 0, 1), (0, 1, 1, 1, 1, 0), (0, 2, 1, 1, 0, 0), (0, 2, 1, 0, 0, 1), (1, 0, 0, 3, 0, 0), (0, 1, 1, 0, 2, 0), (3, 0, 0, 0, 0, 1), (2, 0, 0, 0, 1, 1), (2, 0, 0, 0, 2, 0), (1, 0, 3, 0, 0, 0), (3, 0, 0, 1, 0, 0), (1, 1, 0, 2, 0, 0), (1, 1, 0, 1, 0, 1), (1, 1, 1, 1, 0, 0), (1, 1, 0, 0, 2, 0), (1, 1, 0, 1, 1, 0), (0, 2, 0, 2, 0, 0), (2, 0, 1, 0, 0, 1), (1, 2, 0, 0, 0, 1), (0, 1, 2, 0, 0, 1), (1, 0, 1, 1, 1, 0), (0, 2, 0, 1, 1, 0), (1, 0, 2, 1, 0, 0), (0, 1, 0, 2, 1, 0), (0, 0, 3, 0, 1, 0), (0, 1, 0, 3, 0, 0), (1, 2, 1, 0, 0, 0), (0, 0, 1, 2, 1, 0), (0, 3, 0, 0, 1, 0), (2, 1, 0, 0, 1, 0), (2, 0, 0, 1, 1, 0), (1, 0, 2, 0, 0, 1), (3, 1, 0, 0, 0, 0), (2, 0, 2, 0, 0, 0), (0, 1, 2, 0, 1, 0), (0, 3, 0, 0, 0, 1), (0, 0, 2, 2, 0, 0), (1, 0, 0, 2, 1, 0), (0, 2, 2, 0, 0, 0), (2, 1, 1, 0, 0, 0), (2, 2, 0, 0, 0, 0), (0, 2, 1, 0, 1, 0), (0, 1, 3, 0, 0, 0), (1, 0, 1, 1, 0, 1), (0, 0, 2, 0, 2, 0), (0, 0, 2, 1, 1, 0), (1, 3, 0, 0, 0, 0), (1, 0, 0, 1, 2, 0), (3, 0, 0, 0, 1, 0), (1, 1, 2, 0, 0, 0), (1, 1, 1, 0, 0, 1), (1, 0, 1, 2, 0, 0), (1, 2, 0, 1, 0, 0), (1, 1, 1, 0, 1, 0), (2, 0, 1, 0, 1, 0), (2, 0, 1, 1, 0, 0), (3, 0, 1, 0, 0, 0), (0, 0, 1, 3, 0, 0), (1, 2, 0, 0, 1, 0), (0, 3, 0, 1, 0, 0), (0, 0, 3, 1, 0, 0), (2, 1, 0, 1, 0, 0), (0, 2, 0, 0, 2, 0)}
(26) 1-PS = (1, 5/9, 1/9, -1/3, -5/9, -7/9) yields a state with 62 characters
Maximal nonstable state={(0, 1, 1, 2, 0, 0), (0, 2, 0, 1, 0, 1), (2, 0, 0, 1, 0, 1), (2, 1, 0, 0, 0, 1), (1, 0, 2, 0, 1, 0), (2, 0, 0, 2, 0, 0), (0, 3, 1, 0, 0, 0), (2, 1, 0, 0, 1, 0), (1, 0, 1, 0, 2, 0), (2, 0, 0, 1, 1, 0), (0, 1, 2, 1, 0, 0), (1, 0, 2, 0, 0, 1), (0, 2, 1, 0, 0, 1), (0, 2, 1, 1, 0, 0), (3, 1, 0, 0, 0, 0), (2, 0, 2, 0, 0, 0), (0, 1, 2, 0, 1, 0), (1, 0, 0, 3, 0, 0), (0, 3, 0, 0, 0, 1), (3, 0, 0, 0, 0, 1), (2, 0, 0, 0, 1, 1), (2, 0, 0, 0, 2, 0), (1, 0, 3, 0, 0, 0), (1, 1, 0, 0, 0, 2), (0, 2, 2, 0, 0, 0), (1, 1, 0, 2, 0, 0), (3, 0, 0, 1, 0, 0), (2, 1, 1, 0, 0, 0), (1, 1, 0, 1, 0, 1), (2, 2, 0, 0, 0, 0), (0, 2, 1, 0, 1, 0), (0, 1, 3, 0, 0, 0), (1, 0, 1, 1, 0, 1), (1, 3, 0, 0, 0, 0), (3, 0, 0, 0, 1, 0), (1, 1, 1, 1, 0, 0), (1, 1, 2, 0, 0, 0), (1, 1, 0, 0, 2, 0), (1, 1, 0, 1, 1, 0), (1, 1, 0, 0, 1, 1), (1, 1, 1, 0, 0, 1), (0, 2, 0, 2, 0, 0), (1, 0, 1, 2, 0, 0), (2, 0, 1, 0, 0, 1), (1, 2, 0, 1, 0, 0), (1, 1, 1, 0, 1, 0), (1, 2, 0, 0, 0, 1), (0, 1, 2, 0, 0, 1), (1, 0, 1, 1, 1, 0), (2, 0, 1, 0, 1, 0), (2, 0, 1, 1, 0, 0), (0, 2, 0, 1, 1, 0), (3, 0, 1, 0, 0, 0), (2, 0, 0, 0, 0, 2), (1, 2, 0, 0, 1, 0), (0, 3, 0, 1, 0, 0), (0, 0, 3, 1, 0, 0), (1, 0, 2, 1, 0, 0), (1, 2, 1, 0, 0, 0), (2, 1, 0, 1, 0, 0), (0, 2, 0, 0, 2, 0), (0, 3, 0, 0, 1, 0)}
(27) 1-PS = (1, 7/11, -1/11, -3/11, -5/11, -9/11) yields a state with 61 characters
Maximal nonstable state={(0, 1, 1, 2, 0, 0), (0, 2, 0, 1, 0, 1), (2, 0, 0, 1, 0, 1), (2, 1, 0, 0, 0, 1), (1, 0, 2, 0, 1, 0), (2, 0, 0, 2, 0, 0), (0, 3, 1, 0, 0, 0), (2, 1, 0, 0, 1, 0), (1, 0, 1, 0, 2, 0), (2, 0, 0, 1, 1, 0), (0, 1, 2, 1, 0, 0), (1, 0, 2, 0, 0, 1), (0, 2, 1, 0, 0, 1), (0, 2, 1, 1, 0, 0), (3, 1, 0, 0, 0, 0), (2, 0, 2, 0, 0, 0), (0, 1, 2, 0, 1, 0), (1, 0, 0, 3, 0, 0), (0, 2, 0, 0, 1, 1), (0, 3, 0, 0, 0, 1), (3, 0, 0, 0, 0, 1), (2, 0, 0, 0, 1, 1), (1, 0, 0, 2, 1, 0), (2, 0, 0, 0, 2, 0), (1, 0, 3, 0, 0, 0), (1, 1, 0, 0, 0, 2), (0, 2, 2, 0, 0, 0), (1, 1, 0, 2, 0, 0), (3, 0, 0, 1, 0, 0), (2, 1, 1, 0, 0, 0), (1, 1, 0, 1, 0, 1), (2, 2, 0, 0, 0, 0), (0, 2, 1, 0, 1, 0), (0, 1, 3, 0, 0, 0), (1, 3, 0, 0, 0, 0), (3, 0, 0, 0, 1, 0), (1, 1, 1, 1, 0, 0), (1, 1, 2, 0, 0, 0), (1, 1, 0, 0, 2, 0), (1, 1, 0, 1, 1, 0), (1, 1, 0, 0, 1, 1), (1, 1, 1, 0, 0, 1), (0, 2, 0, 2, 0, 0), (1, 0, 1, 2, 0, 0), (2, 0, 1, 0, 0, 1), (1, 2, 0, 1, 0, 0), (1, 1, 1, 0, 1, 0), (1, 2, 0, 0, 0, 1), (2, 0, 1, 0, 1, 0), (1, 0, 1, 1, 1, 0), (2, 0, 1, 1, 0, 0), (0, 2, 0, 1, 1, 0), (3, 0, 1, 0, 0, 0), (2, 0, 0, 0, 0, 2), (1, 2, 0, 0, 1, 0), (0, 3, 0, 1, 0, 0), (1, 0, 2, 1, 0, 0), (1, 2, 1, 0, 0, 0), (2, 1, 0, 1, 0, 0), (0, 2, 0, 0, 2, 0), (0, 3, 0, 0, 1, 0)}
(28) 1-PS = (1, 1/5, -1/15, -1/3, -1/3, -7/15) yields a state with 57 characters
Maximal nonstable state={(1, 0, 2, 0, 1, 0), (2, 0, 0, 1, 0, 1), (2, 1, 0, 0, 0, 1), (2, 0, 0, 2, 0, 0), (0, 3, 1, 0, 0, 0), (2, 1, 0, 0, 1, 0), (1, 0, 1, 0, 2, 0), (2, 0, 0, 1, 1, 0), (1, 0, 2, 0, 0, 1), (0, 2, 1, 1, 0, 0), (3, 1, 0, 0, 0, 0), (2, 0, 2, 0, 0, 0), (1, 0, 0, 3, 0, 0), (0, 3, 0, 0, 0, 1), (3, 0, 0, 0, 0, 1), (2, 0, 0, 0, 1, 1), (1, 0, 0, 2, 1, 0), (2, 0, 0, 0, 2, 0), (1, 0, 3, 0, 0, 0), (1, 0, 1, 0, 0, 2), (1, 1, 0, 0, 0, 2), (1, 1, 0, 2, 0, 0), (0, 2, 2, 0, 0, 0), (2, 1, 1, 0, 0, 0), (1, 1, 0, 1, 0, 1), (3, 0, 0, 1, 0, 0), (0, 2, 1, 0, 1, 0), (2, 2, 0, 0, 0, 0), (0, 1, 3, 0, 0, 0), (1, 0, 1, 1, 0, 1), (1, 3, 0, 0, 0, 0), (1, 0, 0, 1, 2, 0), (3, 0, 0, 0, 1, 0), (1, 1, 1, 1, 0, 0), (1, 1, 2, 0, 0, 0), (1, 1, 0, 0, 2, 0), (1, 1, 0, 1, 1, 0), (1, 1, 0, 0, 1, 1), (1, 1, 1, 0, 0, 1), (1, 0, 1, 2, 0, 0), (2, 0, 1, 0, 0, 1), (1, 2, 0, 1, 0, 0), (1, 1, 1, 0, 1, 0), (1, 2, 0, 0, 0, 1), (1, 0, 0, 0, 3, 0), (2, 0, 1, 0, 1, 0), (1, 0, 1, 1, 1, 0), (2, 0, 1, 1, 0, 0), (3, 0, 1, 0, 0, 0), (2, 0, 0, 0, 0, 2), (1, 2, 0, 0, 1, 0), (1, 0, 1, 0, 1, 1), (0, 3, 0, 1, 0, 0), (1, 0, 2, 1, 0, 0), (1, 2, 1, 0, 0, 0), (2, 1, 0, 1, 0, 0), (0, 3, 0, 0, 1, 0)}
(29) 1-PS = (1, 7/9, 1/3, -1/9, -5/9, -13/9) yields a state with 67 characters
Maximal nonstable state={(0, 1, 1, 2, 0, 0), (2, 0, 0, 1, 0, 1), (2, 1, 0, 0, 0, 1), (1, 0, 2, 0, 1, 0), (2, 0, 0, 2, 0, 0), (0, 3, 1, 0, 0, 0), (1, 0, 1, 0, 2, 0), (0, 1, 2, 1, 0, 0), (0, 1, 1, 1, 1, 0), (0, 2, 1, 1, 0, 0), (0, 2, 1, 0, 0, 1), (1, 0, 0, 3, 0, 0), (0, 1, 1, 0, 2, 0), (3, 0, 0, 0, 0, 1), (2, 0, 0, 0, 1, 1), (2, 0, 0, 0, 2, 0), (1, 0, 3, 0, 0, 0), (3, 0, 0, 1, 0, 0), (1, 1, 0, 2, 0, 0), (1, 1, 0, 1, 0, 1), (1, 1, 1, 1, 0, 0), (1, 1, 0, 0, 2, 0), (1, 1, 0, 1, 1, 0), (0, 2, 0, 2, 0, 0), (2, 0, 1, 0, 0, 1), (1, 2, 0, 0, 0, 1), (1, 0, 1, 1, 1, 0), (0, 2, 0, 1, 1, 0), (1, 0, 2, 1, 0, 0), (0, 1, 0, 2, 1, 0), (0, 0, 3, 0, 1, 0), (0, 1, 0, 3, 0, 0), (1, 2, 1, 0, 0, 0), (0, 3, 0, 0, 1, 0), (0, 2, 0, 1, 0, 1), (2, 1, 0, 0, 1, 0), (2, 0, 0, 1, 1, 0), (1, 0, 2, 0, 0, 1), (3, 1, 0, 0, 0, 0), (2, 0, 2, 0, 0, 0), (0, 1, 2, 0, 1, 0), (0, 3, 0, 0, 0, 1), (0, 0, 2, 2, 0, 0), (1, 0, 0, 2, 1, 0), (0, 2, 2, 0, 0, 0), (0, 2, 0, 0, 2, 0), (2, 1, 1, 0, 0, 0), (2, 2, 0, 0, 0, 0), (0, 2, 1, 0, 1, 0), (0, 1, 3, 0, 0, 0), (0, 0, 2, 1, 1, 0), (1, 3, 0, 0, 0, 0), (3, 0, 0, 0, 1, 0), (1, 1, 2, 0, 0, 0), (1, 1, 1, 0, 0, 1), (1, 0, 1, 2, 0, 0), (1, 2, 0, 1, 0, 0), (1, 1, 1, 0, 1, 0), (2, 0, 1, 0, 1, 0), (2, 0, 1, 1, 0, 0), (3, 0, 1, 0, 0, 0), (0, 0, 1, 3, 0, 0), (1, 2, 0, 0, 1, 0), (0, 3, 0, 1, 0, 0), (0, 0, 3, 1, 0, 0), (2, 1, 0, 1, 0, 0), (0, 1, 2, 0, 0, 1)}
(30) 1-PS = (1, 7/9, 5/9, 1/9, -1/3, -19/9) yields a state with 70 characters
Maximal nonstable state={(0, 1, 1, 2, 0, 0), (2, 0, 0, 1, 0, 1), (2, 1, 0, 0, 0, 1), (1, 0, 2, 0, 1, 0), (2, 0, 0, 2, 0, 0), (0, 3, 1, 0, 0, 0), (1, 0, 1, 0, 2, 0), (0, 1, 2, 1, 0, 0), (0, 1, 1, 1, 1, 0), (0, 2, 1, 1, 0, 0), (0, 2, 1, 0, 0, 1), (0, 1, 0, 1, 2, 0), (1, 0, 0, 3, 0, 0), (0, 1, 1, 0, 2, 0), (3, 0, 0, 0, 0, 1), (2, 0, 0, 0, 2, 0), (1, 0, 3, 0, 0, 0), (3, 0, 0, 1, 0, 0), (1, 1, 0, 2, 0, 0), (1, 1, 1, 1, 0, 0), (1, 1, 0, 0, 2, 0), (1, 1, 0, 1, 1, 0), (0, 2, 0, 2, 0, 0), (2, 0, 1, 0, 0, 1), (1, 2, 0, 0, 0, 1), (1, 0, 1, 1, 1, 0), (0, 2, 0, 1, 1, 0), (1, 0, 2, 1, 0, 0), (0, 1, 0, 2, 1, 0), (0, 0, 3, 0, 1, 0), (0, 1, 0, 3, 0, 0), (1, 2, 1, 0, 0, 0), (0, 0, 1, 2, 1, 0), (0, 3, 0, 0, 1, 0), (2, 1, 0, 0, 1, 0), (2, 0, 0, 1, 1, 0), (1, 0, 2, 0, 0, 1), (3, 1, 0, 0, 0, 0), (2, 0, 2, 0, 0, 0), (0, 1, 2, 0, 1, 0), (0, 3, 0, 0, 0, 1), (0, 0, 2, 2, 0, 0), (1, 0, 0, 2, 1, 0), (0, 2, 2, 0, 0, 0), (2, 1, 1, 0, 0, 0), (2, 2, 0, 0, 0, 0), (0, 2, 1, 0, 1, 0), (0, 1, 3, 0, 0, 0), (0, 0, 2, 0, 2, 0), (0, 0, 2, 1, 1, 0), (1, 3, 0, 0, 0, 0), (1, 0, 0, 1, 2, 0), (0, 0, 0, 3, 1, 0), (3, 0, 0, 0, 1, 0), (1, 1, 2, 0, 0, 0), (1, 1, 1, 0, 0, 1), (1, 0, 1, 2, 0, 0), (1, 2, 0, 1, 0, 0), (1, 1, 1, 0, 1, 0), (1, 0, 0, 0, 3, 0), (2, 0, 1, 0, 1, 0), (2, 0, 1, 1, 0, 0), (3, 0, 1, 0, 0, 0), (0, 0, 1, 3, 0, 0), (1, 2, 0, 0, 1, 0), (0, 3, 0, 1, 0, 0), (0, 0, 3, 1, 0, 0), (2, 1, 0, 1, 0, 0), (0, 2, 0, 0, 2, 0), (0, 0, 1, 1, 2, 0)}
(31) 1-PS = (1, 3/7, 1/7, -1/7, -3/7, -1) yields a state with 65 characters
Maximal nonstable state={(0, 1, 1, 2, 0, 0), (2, 0, 0, 1, 0, 1), (2, 1, 0, 0, 0, 1), (1, 0, 2, 0, 1, 0), (2, 0, 0, 2, 0, 0), (0, 3, 1, 0, 0, 0), (1, 0, 1, 0, 2, 0), (0, 1, 2, 1, 0, 0), (0, 1, 1, 1, 1, 0), (0, 2, 1, 1, 0, 0), (0, 2, 1, 0, 0, 1), (1, 0, 0, 3, 0, 0), (3, 0, 0, 0, 0, 1), (2, 0, 0, 0, 1, 1), (2, 0, 0, 0, 2, 0), (1, 0, 3, 0, 0, 0), (3, 0, 0, 1, 0, 0), (1, 1, 0, 2, 0, 0), (1, 1, 0, 1, 0, 1), (1, 1, 1, 1, 0, 0), (1, 1, 0, 0, 2, 0), (1, 1, 0, 1, 1, 0), (1, 1, 0, 0, 1, 1), (0, 2, 0, 2, 0, 0), (2, 0, 1, 0, 0, 1), (1, 2, 0, 0, 0, 1), (1, 0, 1, 1, 1, 0), (0, 2, 0, 1, 1, 0), (1, 0, 2, 1, 0, 0), (1, 2, 1, 0, 0, 0), (0, 0, 3, 0, 1, 0), (0, 1, 0, 3, 0, 0), (0, 3, 0, 0, 1, 0), (2, 1, 0, 0, 1, 0), (2, 0, 0, 1, 1, 0), (1, 0, 2, 0, 0, 1), (3, 1, 0, 0, 0, 0), (2, 0, 2, 0, 0, 0), (0, 1, 2, 0, 1, 0), (0, 3, 0, 0, 0, 1), (0, 0, 2, 2, 0, 0), (1, 0, 0, 2, 1, 0), (0, 2, 2, 0, 0, 0), (2, 1, 1, 0, 0, 0), (2, 2, 0, 0, 0, 0), (0, 2, 1, 0, 1, 0), (0, 1, 3, 0, 0, 0), (1, 0, 1, 1, 0, 1), (1, 3, 0, 0, 0, 0), (1, 0, 0, 1, 2, 0), (3, 0, 0, 0, 1, 0), (1, 1, 2, 0, 0, 0), (1, 1, 1, 0, 0, 1), (1, 0, 1, 2, 0, 0), (1, 2, 0, 1, 0, 0), (1, 1, 1, 0, 1, 0), (2, 0, 1, 0, 1, 0), (2, 0, 1, 1, 0, 0), (3, 0, 1, 0, 0, 0), (2, 0, 0, 0, 0, 2), (1, 2, 0, 0, 1, 0), (0, 3, 0, 1, 0, 0), (0, 0, 3, 1, 0, 0), (2, 1, 0, 1, 0, 0), (0, 2, 0, 0, 2, 0)}
(32) 1-PS = (1, 1, -1/3, -1/3, -1/3, -1) yields a state with 69 characters
Maximal nonstable state={(0, 1, 1, 2, 0, 0), (2, 0, 0, 1, 0, 1), (2, 1, 0, 0, 0, 1), (1, 0, 2, 0, 1, 0), (2, 0, 0, 2, 0, 0), (0, 3, 1, 0, 0, 0), (1, 0, 1, 0, 2, 0), (0, 1, 2, 1, 0, 0), (0, 1, 1, 1, 1, 0), (0, 2, 1, 1, 0, 0), (0, 2, 1, 0, 0, 1), (0, 1, 0, 1, 2, 0), (1, 0, 0, 3, 0, 0), (0, 2, 0, 0, 1, 1), (0, 1, 1, 0, 2, 0), (3, 0, 0, 0, 0, 1), (2, 0, 0, 0, 1, 1), (0, 1, 0, 0, 3, 0), (2, 0, 0, 0, 2, 0), (1, 0, 3, 0, 0, 0), (1, 1, 0, 0, 0, 2), (3, 0, 0, 1, 0, 0), (1, 1, 0, 2, 0, 0), (1, 1, 0, 1, 0, 1), (1, 1, 1, 1, 0, 0), (1, 1, 0, 0, 2, 0), (1, 1, 0, 1, 1, 0), (1, 1, 0, 0, 1, 1), (0, 2, 0, 2, 0, 0), (2, 0, 1, 0, 0, 1), (1, 2, 0, 0, 0, 1), (1, 0, 1, 1, 1, 0), (0, 2, 0, 1, 1, 0), (1, 0, 2, 1, 0, 0), (0, 1, 0, 2, 1, 0), (1, 2, 1, 0, 0, 0), (0, 1, 0, 3, 0, 0), (0, 3, 0, 0, 1, 0), (0, 2, 0, 1, 0, 1), (2, 1, 0, 0, 1, 0), (2, 0, 0, 1, 1, 0), (3, 1, 0, 0, 0, 0), (2, 0, 2, 0, 0, 0), (0, 1, 2, 0, 1, 0), (0, 3, 0, 0, 0, 1), (1, 0, 0, 2, 1, 0), (0, 2, 2, 0, 0, 0), (2, 1, 1, 0, 0, 0), (2, 2, 0, 0, 0, 0), (0, 2, 1, 0, 1, 0), (0, 1, 3, 0, 0, 0), (1, 3, 0, 0, 0, 0), (1, 0, 0, 1, 2, 0), (3, 0, 0, 0, 1, 0), (1, 1, 2, 0, 0, 0), (1, 1, 1, 0, 0, 1), (1, 0, 1, 2, 0, 0), (1, 2, 0, 1, 0, 0), (1, 1, 1, 0, 1, 0), (1, 0, 0, 0, 3, 0), (2, 0, 1, 0, 1, 0), (2, 0, 1, 1, 0, 0), (3, 0, 1, 0, 0, 0), (2, 0, 0, 0, 0, 2), (1, 2, 0, 0, 1, 0), (0, 3, 0, 1, 0, 0), (0, 2, 0, 0, 0, 2), (2, 1, 0, 1, 0, 0), (0, 2, 0, 0, 2, 0)}
(33) 1-PS = (1, 5/13, 1/13, -3/13, -7/13, -9/13) yields a state with 60 characters
Maximal nonstable state={(0, 1, 1, 2, 0, 0), (2, 0, 0, 1, 0, 1), (2, 1, 0, 0, 0, 1), (1, 0, 2, 0, 1, 0), (2, 0, 0, 2, 0, 0), (0, 3, 1, 0, 0, 0), (2, 1, 0, 0, 1, 0), (1, 0, 1, 0, 2, 0), (2, 0, 0, 1, 1, 0), (0, 1, 2, 1, 0, 0), (1, 0, 2, 0, 0, 1), (0, 2, 1, 0, 0, 1), (0, 2, 1, 1, 0, 0), (3, 1, 0, 0, 0, 0), (2, 0, 2, 0, 0, 0), (0, 1, 2, 0, 1, 0), (1, 0, 0, 3, 0, 0), (0, 3, 0, 0, 0, 1), (3, 0, 0, 0, 0, 1), (2, 0, 0, 0, 1, 1), (1, 0, 0, 2, 1, 0), (2, 0, 0, 0, 2, 0), (1, 0, 3, 0, 0, 0), (1, 1, 0, 0, 0, 2), (0, 2, 2, 0, 0, 0), (1, 1, 0, 2, 0, 0), (3, 0, 0, 1, 0, 0), (2, 1, 1, 0, 0, 0), (1, 1, 0, 1, 0, 1), (2, 2, 0, 0, 0, 0), (0, 2, 1, 0, 1, 0), (0, 1, 3, 0, 0, 0), (1, 0, 1, 1, 0, 1), (1, 3, 0, 0, 0, 0), (3, 0, 0, 0, 1, 0), (1, 1, 1, 1, 0, 0), (1, 1, 2, 0, 0, 0), (1, 1, 0, 0, 2, 0), (1, 1, 0, 1, 1, 0), (1, 1, 0, 0, 1, 1), (1, 1, 1, 0, 0, 1), (0, 2, 0, 2, 0, 0), (1, 0, 1, 2, 0, 0), (2, 0, 1, 0, 0, 1), (1, 2, 0, 1, 0, 0), (1, 1, 1, 0, 1, 0), (1, 2, 0, 0, 0, 1), (2, 0, 1, 0, 1, 0), (1, 0, 1, 1, 1, 0), (2, 0, 1, 1, 0, 0), (0, 2, 0, 1, 1, 0), (3, 0, 1, 0, 0, 0), (2, 0, 0, 0, 0, 2), (1, 2, 0, 0, 1, 0), (0, 3, 0, 1, 0, 0), (0, 0, 3, 1, 0, 0), (1, 0, 2, 1, 0, 0), (1, 2, 1, 0, 0, 0), (2, 1, 0, 1, 0, 0), (0, 3, 0, 0, 1, 0)}
(34) 1-PS = (1, 3/5, 1/5, 1/5, -3/5, -7/5) yields a state with 70 characters
Maximal nonstable state={(0, 1, 1, 2, 0, 0), (2, 0, 0, 1, 0, 1), (2, 1, 0, 0, 0, 1), (1, 0, 2, 0, 1, 0), (2, 0, 0, 2, 0, 0), (0, 3, 1, 0, 0, 0), (1, 0, 1, 0, 2, 0), (0, 1, 2, 1, 0, 0), (0, 1, 1, 1, 1, 0), (0, 2, 1, 1, 0, 0), (0, 2, 1, 0, 0, 1), (1, 0, 0, 3, 0, 0), (3, 0, 0, 0, 0, 1), (2, 0, 0, 0, 1, 1), (2, 0, 0, 0, 2, 0), (1, 0, 3, 0, 0, 0), (3, 0, 0, 1, 0, 0), (1, 1, 0, 2, 0, 0), (1, 1, 0, 1, 0, 1), (1, 1, 1, 1, 0, 0), (1, 1, 0, 0, 2, 0), (1, 1, 0, 1, 1, 0), (0, 2, 0, 2, 0, 0), (2, 0, 1, 0, 0, 1), (1, 2, 0, 0, 0, 1), (1, 0, 1, 1, 1, 0), (0, 2, 0, 1, 1, 0), (1, 0, 2, 1, 0, 0), (0, 1, 0, 2, 1, 0), (0, 0, 3, 0, 1, 0), (0, 1, 0, 3, 0, 0), (1, 2, 1, 0, 0, 0), (0, 0, 1, 2, 1, 0), (0, 3, 0, 0, 1, 0), (0, 2, 0, 1, 0, 1), (2, 1, 0, 0, 1, 0), (2, 0, 0, 1, 1, 0), (1, 0, 2, 0, 0, 1), (3, 1, 0, 0, 0, 0), (2, 0, 2, 0, 0, 0), (0, 1, 2, 0, 1, 0), (0, 3, 0, 0, 0, 1), (0, 0, 2, 2, 0, 0), (1, 0, 0, 2, 1, 0), (1, 0, 0, 2, 0, 1), (0, 2, 2, 0, 0, 0), (2, 1, 1, 0, 0, 0), (2, 2, 0, 0, 0, 0), (0, 2, 1, 0, 1, 0), (0, 1, 3, 0, 0, 0), (1, 0, 1, 1, 0, 1), (0, 0, 2, 1, 1, 0), (1, 3, 0, 0, 0, 0), (1, 0, 0, 1, 2, 0), (0, 0, 0, 3, 1, 0), (3, 0, 0, 0, 1, 0), (1, 1, 2, 0, 0, 0), (1, 1, 1, 0, 0, 1), (1, 0, 1, 2, 0, 0), (1, 2, 0, 1, 0, 0), (1, 1, 1, 0, 1, 0), (2, 0, 1, 0, 1, 0), (2, 0, 1, 1, 0, 0), (3, 0, 1, 0, 0, 0), (0, 0, 1, 3, 0, 0), (1, 2, 0, 0, 1, 0), (0, 3, 0, 1, 0, 0), (0, 0, 3, 1, 0, 0), (2, 1, 0, 1, 0, 0), (0, 2, 0, 0, 2, 0)}
(35) 1-PS = (1, 1/3, 0, -1/3, -1/3, -2/3) yields a state with 62 characters
Maximal nonstable state={(1, 0, 2, 0, 1, 0), (2, 0, 0, 1, 0, 1), (2, 1, 0, 0, 0, 1), (2, 0, 0, 2, 0, 0), (0, 3, 1, 0, 0, 0), (2, 1, 0, 0, 1, 0), (1, 0, 1, 0, 2, 0), (2, 0, 0, 1, 1, 0), (0, 1, 2, 1, 0, 0), (1, 0, 2, 0, 0, 1), (0, 2, 1, 0, 0, 1), (0, 2, 1, 1, 0, 0), (3, 1, 0, 0, 0, 0), (2, 0, 2, 0, 0, 0), (0, 1, 2, 0, 1, 0), (1, 0, 0, 3, 0, 0), (0, 3, 0, 0, 0, 1), (3, 0, 0, 0, 0, 1), (2, 0, 0, 0, 1, 1), (1, 0, 0, 2, 1, 0), (2, 0, 0, 0, 2, 0), (1, 0, 3, 0, 0, 0), (1, 1, 0, 0, 0, 2), (0, 2, 2, 0, 0, 0), (1, 1, 0, 2, 0, 0), (3, 0, 0, 1, 0, 0), (2, 1, 1, 0, 0, 0), (1, 1, 0, 1, 0, 1), (2, 2, 0, 0, 0, 0), (0, 2, 1, 0, 1, 0), (0, 1, 3, 0, 0, 0), (1, 0, 1, 1, 0, 1), (1, 3, 0, 0, 0, 0), (1, 0, 0, 1, 2, 0), (3, 0, 0, 0, 1, 0), (1, 1, 1, 1, 0, 0), (1, 1, 2, 0, 0, 0), (1, 1, 0, 0, 2, 0), (1, 1, 0, 1, 1, 0), (1, 1, 0, 0, 1, 1), (1, 1, 1, 0, 0, 1), (0, 2, 0, 2, 0, 0), (1, 0, 1, 2, 0, 0), (2, 0, 1, 0, 0, 1), (1, 2, 0, 1, 0, 0), (1, 1, 1, 0, 1, 0), (1, 2, 0, 0, 0, 1), (1, 0, 0, 0, 3, 0), (2, 0, 1, 0, 1, 0), (1, 0, 1, 1, 1, 0), (2, 0, 1, 1, 0, 0), (0, 2, 0, 1, 1, 0), (3, 0, 1, 0, 0, 0), (2, 0, 0, 0, 0, 2), (1, 2, 0, 0, 1, 0), (1, 0, 1, 0, 1, 1), (0, 3, 0, 1, 0, 0), (1, 0, 2, 1, 0, 0), (1, 2, 1, 0, 0, 0), (2, 1, 0, 1, 0, 0), (0, 2, 0, 0, 2, 0), (0, 3, 0, 0, 1, 0)}
(36) 1-PS = (1, 1/5, 0, -1/5, -2/5, -3/5) yields a state with 58 characters
Maximal nonstable state={(1, 0, 2, 0, 1, 0), (2, 0, 0, 1, 0, 1), (2, 1, 0, 0, 0, 1), (2, 0, 0, 2, 0, 0), (0, 3, 1, 0, 0, 0), (2, 1, 0, 0, 1, 0), (1, 0, 1, 0, 2, 0), (2, 0, 0, 1, 1, 0), (0, 1, 2, 1, 0, 0), (1, 0, 2, 0, 0, 1), (0, 2, 1, 1, 0, 0), (3, 1, 0, 0, 0, 0), (2, 0, 2, 0, 0, 0), (1, 0, 0, 3, 0, 0), (0, 3, 0, 0, 0, 1), (3, 0, 0, 0, 0, 1), (2, 0, 0, 0, 1, 1), (1, 0, 0, 2, 1, 0), (1, 0, 0, 2, 0, 1), (2, 0, 0, 0, 2, 0), (1, 0, 3, 0, 0, 0), (1, 1, 0, 0, 0, 2), (0, 2, 2, 0, 0, 0), (1, 1, 0, 2, 0, 0), (3, 0, 0, 1, 0, 0), (2, 1, 1, 0, 0, 0), (1, 1, 0, 1, 0, 1), (2, 2, 0, 0, 0, 0), (0, 2, 1, 0, 1, 0), (0, 1, 3, 0, 0, 0), (1, 0, 1, 1, 0, 1), (1, 3, 0, 0, 0, 0), (1, 0, 0, 1, 2, 0), (3, 0, 0, 0, 1, 0), (1, 1, 1, 1, 0, 0), (1, 1, 2, 0, 0, 0), (1, 1, 0, 0, 2, 0), (1, 1, 0, 1, 1, 0), (1, 1, 0, 0, 1, 1), (1, 1, 1, 0, 0, 1), (0, 2, 0, 2, 0, 0), (1, 0, 1, 2, 0, 0), (2, 0, 1, 0, 0, 1), (1, 2, 0, 1, 0, 0), (1, 1, 1, 0, 1, 0), (1, 2, 0, 0, 0, 1), (2, 0, 1, 0, 1, 0), (1, 0, 1, 1, 1, 0), (2, 0, 1, 1, 0, 0), (3, 0, 1, 0, 0, 0), (2, 0, 0, 0, 0, 2), (1, 2, 0, 0, 1, 0), (1, 0, 1, 0, 1, 1), (0, 3, 0, 1, 0, 0), (1, 0, 2, 1, 0, 0), (1, 2, 1, 0, 0, 0), (2, 1, 0, 1, 0, 0), (0, 3, 0, 0, 1, 0)}
(37) 1-PS = (1, 1, 0, 0, -1, -1) yields a state with 72 characters
Maximal nonstable state={(0, 1, 1, 2, 0, 0), (2, 0, 0, 1, 0, 1), (2, 1, 0, 0, 0, 1), (1, 0, 2, 0, 1, 0), (2, 0, 0, 2, 0, 0), (0, 3, 1, 0, 0, 0), (0, 1, 2, 1, 0, 0), (0, 1, 1, 1, 1, 0), (0, 2, 1, 1, 0, 0), (0, 2, 1, 0, 0, 1), (1, 0, 0, 3, 0, 0), (0, 2, 0, 0, 1, 1), (3, 0, 0, 0, 0, 1), (2, 0, 0, 0, 1, 1), (2, 0, 0, 0, 2, 0), (1, 0, 3, 0, 0, 0), (1, 1, 0, 0, 0, 2), (3, 0, 0, 1, 0, 0), (1, 1, 0, 2, 0, 0), (1, 1, 0, 1, 0, 1), (1, 1, 1, 1, 0, 0), (1, 1, 0, 0, 2, 0), (1, 1, 0, 1, 1, 0), (1, 1, 0, 0, 1, 1), (0, 2, 0, 2, 0, 0), (2, 0, 1, 0, 0, 1), (1, 2, 0, 0, 0, 1), (1, 0, 1, 1, 1, 0), (0, 2, 0, 1, 1, 0), (1, 0, 2, 1, 0, 0), (0, 1, 0, 2, 1, 0), (1, 2, 1, 0, 0, 0), (0, 1, 0, 3, 0, 0), (0, 3, 0, 0, 1, 0), (0, 2, 0, 1, 0, 1), (2, 1, 0, 0, 1, 0), (0, 1, 1, 1, 0, 1), (2, 0, 0, 1, 1, 0), (1, 0, 2, 0, 0, 1), (3, 1, 0, 0, 0, 0), (2, 0, 2, 0, 0, 0), (0, 1, 2, 0, 1, 0), (0, 3, 0, 0, 0, 1), (0, 0, 2, 2, 0, 0), (1, 0, 0, 2, 1, 0), (1, 0, 0, 2, 0, 1), (0, 2, 2, 0, 0, 0), (0, 1, 0, 2, 0, 1), (0, 2, 0, 0, 2, 0), (2, 1, 1, 0, 0, 0), (2, 2, 0, 0, 0, 0), (0, 2, 1, 0, 1, 0), (0, 1, 3, 0, 0, 0), (1, 0, 1, 1, 0, 1), (1, 3, 0, 0, 0, 0), (3, 0, 0, 0, 1, 0), (1, 1, 2, 0, 0, 0), (1, 1, 1, 0, 0, 1), (1, 0, 1, 2, 0, 0), (1, 2, 0, 1, 0, 0), (1, 1, 1, 0, 1, 0), (2, 0, 1, 0, 1, 0), (2, 0, 1, 1, 0, 0), (3, 0, 1, 0, 0, 0), (0, 0, 1, 3, 0, 0), (2, 0, 0, 0, 0, 2), (1, 2, 0, 0, 1, 0), (0, 3, 0, 1, 0, 0), (0, 2, 0, 0, 0, 2), (0, 0, 3, 1, 0, 0), (2, 1, 0, 1, 0, 0), (0, 1, 2, 0, 0, 1)}
(38) 1-PS = (1, 1/3, 1/3, 0, -2/3, -1) yields a state with 67 characters
Maximal nonstable state={(0, 1, 1, 2, 0, 0), (2, 0, 0, 1, 0, 1), (2, 1, 0, 0, 0, 1), (1, 0, 2, 0, 1, 0), (2, 0, 0, 2, 0, 0), (0, 3, 1, 0, 0, 0), (1, 0, 1, 0, 2, 0), (0, 1, 2, 1, 0, 0), (0, 0, 3, 0, 0, 1), (0, 1, 1, 1, 1, 0), (0, 2, 1, 1, 0, 0), (0, 2, 1, 0, 0, 1), (1, 0, 0, 3, 0, 0), (3, 0, 0, 0, 0, 1), (2, 0, 0, 0, 1, 1), (2, 0, 0, 0, 2, 0), (1, 0, 3, 0, 0, 0), (3, 0, 0, 1, 0, 0), (1, 1, 0, 2, 0, 0), (1, 1, 0, 1, 0, 1), (1, 1, 1, 1, 0, 0), (1, 1, 0, 0, 2, 0), (1, 1, 0, 1, 1, 0), (0, 2, 0, 2, 0, 0), (2, 0, 1, 0, 0, 1), (1, 2, 0, 0, 0, 1), (1, 0, 1, 1, 1, 0), (0, 2, 0, 1, 1, 0), (1, 0, 2, 1, 0, 0), (1, 2, 1, 0, 0, 0), (0, 0, 3, 0, 1, 0), (0, 1, 0, 3, 0, 0), (0, 3, 0, 0, 1, 0), (2, 1, 0, 0, 1, 0), (2, 0, 0, 1, 1, 0), (1, 0, 2, 0, 0, 1), (3, 1, 0, 0, 0, 0), (2, 0, 2, 0, 0, 0), (0, 1, 2, 0, 1, 0), (0, 3, 0, 0, 0, 1), (0, 0, 2, 2, 0, 0), (1, 0, 0, 2, 1, 0), (1, 0, 0, 2, 0, 1), (0, 2, 2, 0, 0, 0), (2, 1, 1, 0, 0, 0), (2, 2, 0, 0, 0, 0), (0, 2, 1, 0, 1, 0), (0, 1, 3, 0, 0, 0), (1, 0, 1, 1, 0, 1), (0, 0, 2, 1, 1, 0), (1, 3, 0, 0, 0, 0), (3, 0, 0, 0, 1, 0), (1, 1, 2, 0, 0, 0), (1, 1, 1, 0, 0, 1), (1, 0, 1, 2, 0, 0), (1, 2, 0, 1, 0, 0), (1, 1, 1, 0, 1, 0), (2, 0, 1, 0, 1, 0), (2, 0, 1, 1, 0, 0), (3, 0, 1, 0, 0, 0), (0, 0, 1, 3, 0, 0), (2, 0, 0, 0, 0, 2), (1, 2, 0, 0, 1, 0), (0, 3, 0, 1, 0, 0), (0, 0, 3, 1, 0, 0), (2, 1, 0, 1, 0, 0), (0, 1, 2, 0, 0, 1)}
(39) 1-PS = (1, 1/9, -1/27, -7/27, -1/3, -13/27) yields a state with 55 characters
Maximal nonstable state={(1, 0, 2, 0, 1, 0), (2, 0, 0, 1, 0, 1), (2, 1, 0, 0, 0, 1), (2, 0, 0, 2, 0, 0), (0, 3, 1, 0, 0, 0), (2, 1, 0, 0, 1, 0), (1, 0, 1, 0, 2, 0), (2, 0, 0, 1, 1, 0), (1, 0, 2, 0, 0, 1), (3, 1, 0, 0, 0, 0), (2, 0, 2, 0, 0, 0), (1, 0, 0, 3, 0, 0), (3, 0, 0, 0, 0, 1), (2, 0, 0, 0, 1, 1), (1, 0, 0, 2, 1, 0), (1, 0, 0, 2, 0, 1), (2, 0, 0, 0, 2, 0), (1, 0, 3, 0, 0, 0), (1, 0, 1, 0, 0, 2), (1, 1, 0, 0, 0, 2), (1, 1, 0, 2, 0, 0), (0, 2, 2, 0, 0, 0), (2, 1, 1, 0, 0, 0), (1, 1, 0, 1, 0, 1), (3, 0, 0, 1, 0, 0), (2, 2, 0, 0, 0, 0), (0, 1, 3, 0, 0, 0), (1, 0, 1, 1, 0, 1), (1, 3, 0, 0, 0, 0), (1, 0, 0, 1, 2, 0), (3, 0, 0, 0, 1, 0), (1, 1, 1, 1, 0, 0), (1, 1, 2, 0, 0, 0), (1, 1, 0, 0, 2, 0), (1, 1, 0, 1, 1, 0), (1, 1, 0, 0, 1, 1), (1, 1, 1, 0, 0, 1), (1, 0, 1, 2, 0, 0), (2, 0, 1, 0, 0, 1), (1, 2, 0, 1, 0, 0), (1, 1, 1, 0, 1, 0), (1, 2, 0, 0, 0, 1), (1, 0, 0, 0, 3, 0), (2, 0, 1, 0, 1, 0), (1, 0, 1, 1, 1, 0), (2, 0, 1, 1, 0, 0), (3, 0, 1, 0, 0, 0), (2, 0, 0, 0, 0, 2), (1, 2, 0, 0, 1, 0), (1, 0, 1, 0, 1, 1), (0, 3, 0, 1, 0, 0), (1, 0, 2, 1, 0, 0), (1, 2, 1, 0, 0, 0), (2, 1, 0, 1, 0, 0), (0, 3, 0, 0, 1, 0)}
(40) 1-PS = (1, 9/13, 7/13, 1/13, -3/13, -27/13) yields a state with 70 characters
Maximal nonstable state={(0, 1, 1, 2, 0, 0), (2, 0, 0, 1, 0, 1), (2, 1, 0, 0, 0, 1), (1, 0, 2, 0, 1, 0), (2, 0, 0, 2, 0, 0), (0, 3, 1, 0, 0, 0), (1, 0, 1, 0, 2, 0), (0, 1, 2, 1, 0, 0), (0, 1, 1, 1, 1, 0), (0, 2, 1, 1, 0, 0), (0, 1, 0, 1, 2, 0), (1, 0, 0, 3, 0, 0), (0, 1, 1, 0, 2, 0), (3, 0, 0, 0, 0, 1), (0, 1, 0, 0, 3, 0), (2, 0, 0, 0, 2, 0), (1, 0, 3, 0, 0, 0), (3, 0, 0, 1, 0, 0), (1, 1, 0, 2, 0, 0), (1, 1, 1, 1, 0, 0), (1, 1, 0, 0, 2, 0), (1, 1, 0, 1, 1, 0), (0, 2, 0, 2, 0, 0), (2, 0, 1, 0, 0, 1), (1, 2, 0, 0, 0, 1), (1, 0, 1, 1, 1, 0), (0, 2, 0, 1, 1, 0), (1, 0, 2, 1, 0, 0), (0, 1, 0, 2, 1, 0), (0, 0, 3, 0, 1, 0), (0, 1, 0, 3, 0, 0), (1, 2, 1, 0, 0, 0), (0, 0, 1, 2, 1, 0), (0, 3, 0, 0, 1, 0), (2, 1, 0, 0, 1, 0), (2, 0, 0, 1, 1, 0), (1, 0, 2, 0, 0, 1), (3, 1, 0, 0, 0, 0), (2, 0, 2, 0, 0, 0), (0, 1, 2, 0, 1, 0), (0, 3, 0, 0, 0, 1), (0, 0, 2, 2, 0, 0), (1, 0, 0, 2, 1, 0), (0, 2, 2, 0, 0, 0), (2, 1, 1, 0, 0, 0), (2, 2, 0, 0, 0, 0), (0, 2, 1, 0, 1, 0), (0, 1, 3, 0, 0, 0), (0, 0, 2, 0, 2, 0), (0, 0, 2, 1, 1, 0), (1, 3, 0, 0, 0, 0), (1, 0, 0, 1, 2, 0), (0, 0, 0, 3, 1, 0), (3, 0, 0, 0, 1, 0), (1, 1, 2, 0, 0, 0), (1, 1, 1, 0, 0, 1), (1, 0, 1, 2, 0, 0), (1, 2, 0, 1, 0, 0), (1, 1, 1, 0, 1, 0), (1, 0, 0, 0, 3, 0), (2, 0, 1, 0, 1, 0), (2, 0, 1, 1, 0, 0), (3, 0, 1, 0, 0, 0), (0, 0, 1, 3, 0, 0), (1, 2, 0, 0, 1, 0), (0, 3, 0, 1, 0, 0), (0, 0, 3, 1, 0, 0), (2, 1, 0, 1, 0, 0), (0, 2, 0, 0, 2, 0), (0, 0, 1, 1, 2, 0)}
(41) 1-PS = (1, 1/2, 0, 0, -1/2, -1) yields a state with 68 characters
Maximal nonstable state={(0, 1, 1, 2, 0, 0), (2, 0, 0, 1, 0, 1), (2, 1, 0, 0, 0, 1), (1, 0, 2, 0, 1, 0), (2, 0, 0, 2, 0, 0), (0, 3, 1, 0, 0, 0), (1, 0, 1, 0, 2, 0), (0, 1, 2, 1, 0, 0), (0, 1, 1, 1, 1, 0), (0, 2, 1, 1, 0, 0), (0, 2, 1, 0, 0, 1), (1, 0, 0, 3, 0, 0), (3, 0, 0, 0, 0, 1), (2, 0, 0, 0, 1, 1), (2, 0, 0, 0, 2, 0), (1, 0, 3, 0, 0, 0), (3, 0, 0, 1, 0, 0), (1, 1, 0, 2, 0, 0), (1, 1, 0, 1, 0, 1), (1, 1, 1, 1, 0, 0), (1, 1, 0, 0, 2, 0), (1, 1, 0, 1, 1, 0), (1, 1, 0, 0, 1, 1), (0, 2, 0, 2, 0, 0), (2, 0, 1, 0, 0, 1), (1, 2, 0, 0, 0, 1), (1, 0, 1, 1, 1, 0), (0, 2, 0, 1, 1, 0), (1, 0, 2, 1, 0, 0), (0, 1, 0, 2, 1, 0), (1, 2, 1, 0, 0, 0), (0, 1, 0, 3, 0, 0), (0, 3, 0, 0, 1, 0), (0, 2, 0, 1, 0, 1), (2, 1, 0, 0, 1, 0), (2, 0, 0, 1, 1, 0), (1, 0, 2, 0, 0, 1), (3, 1, 0, 0, 0, 0), (2, 0, 2, 0, 0, 0), (0, 1, 2, 0, 1, 0), (0, 3, 0, 0, 0, 1), (0, 0, 2, 2, 0, 0), (1, 0, 0, 2, 1, 0), (1, 0, 0, 2, 0, 1), (0, 2, 2, 0, 0, 0), (2, 1, 1, 0, 0, 0), (2, 2, 0, 0, 0, 0), (0, 2, 1, 0, 1, 0), (0, 1, 3, 0, 0, 0), (1, 0, 1, 1, 0, 1), (1, 3, 0, 0, 0, 0), (1, 0, 0, 1, 2, 0), (3, 0, 0, 0, 1, 0), (1, 1, 2, 0, 0, 0), (1, 1, 1, 0, 0, 1), (1, 0, 1, 2, 0, 0), (1, 2, 0, 1, 0, 0), (1, 1, 1, 0, 1, 0), (2, 0, 1, 0, 1, 0), (2, 0, 1, 1, 0, 0), (3, 0, 1, 0, 0, 0), (0, 0, 1, 3, 0, 0), (2, 0, 0, 0, 0, 2), (1, 2, 0, 0, 1, 0), (0, 3, 0, 1, 0, 0), (0, 0, 3, 1, 0, 0), (2, 1, 0, 1, 0, 0), (0, 2, 0, 0, 2, 0)}
(42) 1-PS = (1, 1/5, 1/5, -1/5, -3/5, -3/5) yields a state with 66 characters
Maximal nonstable state={(0, 1, 1, 2, 0, 0), (2, 0, 0, 1, 0, 1), (2, 1, 0, 0, 0, 1), (1, 0, 2, 0, 1, 0), (2, 0, 0, 2, 0, 0), (0, 3, 1, 0, 0, 0), (1, 0, 1, 0, 2, 0), (0, 1, 2, 1, 0, 0), (0, 0, 3, 0, 0, 1), (0, 2, 1, 0, 0, 1), (0, 2, 1, 1, 0, 0), (1, 0, 0, 3, 0, 0), (3, 0, 0, 0, 0, 1), (2, 0, 0, 0, 1, 1), (2, 0, 0, 0, 2, 0), (1, 0, 3, 0, 0, 0), (1, 1, 0, 0, 0, 2), (1, 0, 1, 0, 0, 2), (1, 1, 0, 2, 0, 0), (3, 0, 0, 1, 0, 0), (1, 1, 0, 1, 0, 1), (1, 1, 1, 1, 0, 0), (1, 1, 0, 0, 2, 0), (1, 1, 0, 1, 1, 0), (1, 1, 0, 0, 1, 1), (0, 2, 0, 2, 0, 0), (2, 0, 1, 0, 0, 1), (1, 2, 0, 0, 0, 1), (1, 0, 1, 1, 1, 0), (1, 0, 2, 1, 0, 0), (1, 2, 1, 0, 0, 0), (0, 0, 3, 0, 1, 0), (0, 3, 0, 0, 1, 0), (2, 1, 0, 0, 1, 0), (2, 0, 0, 1, 1, 0), (1, 0, 2, 0, 0, 1), (3, 1, 0, 0, 0, 0), (2, 0, 2, 0, 0, 0), (0, 1, 2, 0, 1, 0), (0, 3, 0, 0, 0, 1), (0, 0, 2, 2, 0, 0), (1, 0, 0, 2, 1, 0), (1, 0, 0, 2, 0, 1), (0, 2, 2, 0, 0, 0), (2, 1, 1, 0, 0, 0), (2, 2, 0, 0, 0, 0), (0, 2, 1, 0, 1, 0), (0, 1, 3, 0, 0, 0), (1, 0, 1, 1, 0, 1), (1, 3, 0, 0, 0, 0), (3, 0, 0, 0, 1, 0), (1, 1, 2, 0, 0, 0), (1, 1, 1, 0, 0, 1), (1, 0, 1, 2, 0, 0), (1, 2, 0, 1, 0, 0), (1, 1, 1, 0, 1, 0), (2, 0, 1, 0, 1, 0), (2, 0, 1, 1, 0, 0), (3, 0, 1, 0, 0, 0), (2, 0, 0, 0, 0, 2), (1, 2, 0, 0, 1, 0), (1, 0, 1, 0, 1, 1), (0, 3, 0, 1, 0, 0), (0, 0, 3, 1, 0, 0), (2, 1, 0, 1, 0, 0), (0, 1, 2, 0, 0, 1)}
(43) 1-PS = (1, 1, 1/3, -1/3, -1/3, -5/3) yields a state with 73 characters
Maximal nonstable state={(0, 1, 1, 2, 0, 0), (2, 0, 0, 1, 0, 1), (2, 1, 0, 0, 0, 1), (1, 0, 2, 0, 1, 0), (2, 0, 0, 2, 0, 0), (0, 3, 1, 0, 0, 0), (1, 0, 1, 0, 2, 0), (0, 1, 2, 1, 0, 0), (0, 1, 1, 1, 1, 0), (0, 2, 1, 1, 0, 0), (0, 2, 1, 0, 0, 1), (0, 1, 0, 1, 2, 0), (1, 0, 0, 3, 0, 0), (0, 2, 0, 0, 1, 1), (0, 1, 1, 0, 2, 0), (3, 0, 0, 0, 0, 1), (2, 0, 0, 0, 1, 1), (0, 1, 0, 0, 3, 0), (2, 0, 0, 0, 2, 0), (1, 0, 3, 0, 0, 0), (3, 0, 0, 1, 0, 0), (1, 1, 0, 2, 0, 0), (1, 1, 0, 1, 0, 1), (1, 1, 1, 1, 0, 0), (1, 1, 0, 0, 2, 0), (1, 1, 0, 1, 1, 0), (1, 1, 0, 0, 1, 1), (0, 2, 0, 2, 0, 0), (2, 0, 1, 0, 0, 1), (1, 2, 0, 0, 0, 1), (1, 0, 1, 1, 1, 0), (0, 2, 0, 1, 1, 0), (1, 0, 2, 1, 0, 0), (0, 1, 0, 2, 1, 0), (0, 0, 3, 0, 1, 0), (0, 1, 0, 3, 0, 0), (1, 2, 1, 0, 0, 0), (0, 3, 0, 0, 1, 0), (0, 2, 0, 1, 0, 1), (2, 1, 0, 0, 1, 0), (2, 0, 0, 1, 1, 0), (1, 0, 2, 0, 0, 1), (3, 1, 0, 0, 0, 0), (2, 0, 2, 0, 0, 0), (0, 1, 2, 0, 1, 0), (0, 3, 0, 0, 0, 1), (0, 0, 2, 2, 0, 0), (1, 0, 0, 2, 1, 0), (0, 2, 2, 0, 0, 0), (0, 2, 0, 0, 2, 0), (2, 1, 1, 0, 0, 0), (2, 2, 0, 0, 0, 0), (0, 2, 1, 0, 1, 0), (0, 1, 3, 0, 0, 0), (0, 0, 2, 0, 2, 0), (0, 0, 2, 1, 1, 0), (1, 3, 0, 0, 0, 0), (1, 0, 0, 1, 2, 0), (3, 0, 0, 0, 1, 0), (1, 1, 2, 0, 0, 0), (1, 1, 1, 0, 0, 1), (1, 0, 1, 2, 0, 0), (1, 2, 0, 1, 0, 0), (1, 1, 1, 0, 1, 0), (1, 0, 0, 0, 3, 0), (2, 0, 1, 0, 1, 0), (2, 0, 1, 1, 0, 0), (3, 0, 1, 0, 0, 0), (1, 2, 0, 0, 1, 0), (0, 3, 0, 1, 0, 0), (0, 0, 3, 1, 0, 0), (2, 1, 0, 1, 0, 0), (0, 1, 2, 0, 0, 1)}
(44) 1-PS = (1, 9/11, 5/11, -3/11, -7/11, -15/11) yields a state with 65 characters
Maximal nonstable state={(0, 1, 1, 2, 0, 0), (2, 0, 0, 1, 0, 1), (2, 1, 0, 0, 0, 1), (1, 0, 2, 0, 1, 0), (2, 0, 0, 2, 0, 0), (0, 3, 1, 0, 0, 0), (1, 0, 1, 0, 2, 0), (0, 1, 2, 1, 0, 0), (0, 0, 3, 0, 0, 1), (0, 1, 1, 1, 1, 0), (0, 2, 1, 1, 0, 0), (0, 2, 1, 0, 0, 1), (1, 0, 0, 3, 0, 0), (0, 1, 1, 0, 2, 0), (3, 0, 0, 0, 0, 1), (2, 0, 0, 0, 1, 1), (2, 0, 0, 0, 2, 0), (1, 0, 3, 0, 0, 0), (3, 0, 0, 1, 0, 0), (1, 1, 0, 2, 0, 0), (1, 1, 0, 1, 0, 1), (1, 1, 1, 1, 0, 0), (1, 1, 0, 0, 2, 0), (1, 1, 0, 1, 1, 0), (0, 2, 0, 2, 0, 0), (2, 0, 1, 0, 0, 1), (1, 2, 0, 0, 0, 1), (1, 0, 1, 1, 1, 0), (0, 2, 0, 1, 1, 0), (1, 0, 2, 1, 0, 0), (1, 2, 1, 0, 0, 0), (0, 0, 3, 0, 1, 0), (0, 1, 0, 3, 0, 0), (0, 3, 0, 0, 1, 0), (0, 2, 0, 1, 0, 1), (2, 1, 0, 0, 1, 0), (2, 0, 0, 1, 1, 0), (1, 0, 2, 0, 0, 1), (3, 1, 0, 0, 0, 0), (2, 0, 2, 0, 0, 0), (0, 1, 2, 0, 1, 0), (0, 3, 0, 0, 0, 1), (0, 0, 2, 2, 0, 0), (0, 2, 2, 0, 0, 0), (0, 2, 0, 0, 2, 0), (2, 1, 1, 0, 0, 0), (2, 2, 0, 0, 0, 0), (0, 2, 1, 0, 1, 0), (0, 1, 3, 0, 0, 0), (0, 0, 2, 1, 1, 0), (1, 3, 0, 0, 0, 0), (3, 0, 0, 0, 1, 0), (1, 1, 2, 0, 0, 0), (1, 1, 1, 0, 0, 1), (1, 0, 1, 2, 0, 0), (1, 2, 0, 1, 0, 0), (1, 1, 1, 0, 1, 0), (2, 0, 1, 0, 1, 0), (2, 0, 1, 1, 0, 0), (3, 0, 1, 0, 0, 0), (1, 2, 0, 0, 1, 0), (0, 3, 0, 1, 0, 0), (0, 0, 3, 1, 0, 0), (2, 1, 0, 1, 0, 0), (0, 1, 2, 0, 0, 1)}
(45) 1-PS = (1, 3/5, 1/5, -1/5, -3/5, -1) yields a state with 66 characters
Maximal nonstable state={(0, 1, 1, 2, 0, 0), (2, 0, 0, 1, 0, 1), (2, 1, 0, 0, 0, 1), (1, 0, 2, 0, 1, 0), (2, 0, 0, 2, 0, 0), (0, 3, 1, 0, 0, 0), (1, 0, 1, 0, 2, 0), (0, 1, 2, 1, 0, 0), (0, 1, 1, 1, 1, 0), (0, 2, 1, 1, 0, 0), (0, 2, 1, 0, 0, 1), (1, 0, 0, 3, 0, 0), (3, 0, 0, 0, 0, 1), (2, 0, 0, 0, 1, 1), (2, 0, 0, 0, 2, 0), (1, 0, 3, 0, 0, 0), (3, 0, 0, 1, 0, 0), (1, 1, 0, 2, 0, 0), (1, 1, 0, 1, 0, 1), (1, 1, 1, 1, 0, 0), (1, 1, 0, 0, 2, 0), (1, 1, 0, 1, 1, 0), (1, 1, 0, 0, 1, 1), (0, 2, 0, 2, 0, 0), (2, 0, 1, 0, 0, 1), (1, 2, 0, 0, 0, 1), (1, 0, 1, 1, 1, 0), (0, 2, 0, 1, 1, 0), (1, 0, 2, 1, 0, 0), (1, 2, 1, 0, 0, 0), (0, 0, 3, 0, 1, 0), (0, 1, 0, 3, 0, 0), (0, 3, 0, 0, 1, 0), (0, 2, 0, 1, 0, 1), (2, 1, 0, 0, 1, 0), (2, 0, 0, 1, 1, 0), (1, 0, 2, 0, 0, 1), (3, 1, 0, 0, 0, 0), (2, 0, 2, 0, 0, 0), (0, 1, 2, 0, 1, 0), (0, 3, 0, 0, 0, 1), (0, 0, 2, 2, 0, 0), (1, 0, 0, 2, 1, 0), (0, 2, 2, 0, 0, 0), (0, 2, 0, 0, 2, 0), (2, 1, 1, 0, 0, 0), (2, 2, 0, 0, 0, 0), (0, 2, 1, 0, 1, 0), (0, 1, 3, 0, 0, 0), (1, 0, 1, 1, 0, 1), (1, 3, 0, 0, 0, 0), (3, 0, 0, 0, 1, 0), (1, 1, 2, 0, 0, 0), (1, 1, 1, 0, 0, 1), (1, 0, 1, 2, 0, 0), (1, 2, 0, 1, 0, 0), (1, 1, 1, 0, 1, 0), (2, 0, 1, 0, 1, 0), (2, 0, 1, 1, 0, 0), (3, 0, 1, 0, 0, 0), (2, 0, 0, 0, 0, 2), (1, 2, 0, 0, 1, 0), (0, 3, 0, 1, 0, 0), (0, 0, 3, 1, 0, 0), (2, 1, 0, 1, 0, 0), (0, 1, 2, 0, 0, 1)}
(46) 1-PS = (1, 1, 1, 0, 0, -3) yields a state with 75 characters
Maximal nonstable state={(0, 1, 1, 2, 0, 0), (2, 1, 0, 0, 0, 1), (1, 0, 2, 0, 1, 0), (2, 0, 0, 2, 0, 0), (0, 3, 1, 0, 0, 0), (1, 0, 1, 0, 2, 0), (0, 1, 2, 1, 0, 0), (0, 0, 3, 0, 0, 1), (0, 1, 1, 1, 1, 0), (0, 2, 1, 1, 0, 0), (0, 2, 1, 0, 0, 1), (0, 1, 0, 1, 2, 0), (1, 0, 0, 3, 0, 0), (0, 1, 1, 0, 2, 0), (3, 0, 0, 0, 0, 1), (0, 1, 0, 0, 3, 0), (2, 0, 0, 0, 2, 0), (1, 0, 3, 0, 0, 0), (3, 0, 0, 1, 0, 0), (1, 1, 0, 2, 0, 0), (1, 1, 1, 1, 0, 0), (1, 1, 0, 0, 2, 0), (1, 1, 0, 1, 1, 0), (0, 2, 0, 2, 0, 0), (2, 0, 1, 0, 0, 1), (1, 2, 0, 0, 0, 1), (0, 1, 2, 0, 0, 1), (1, 0, 1, 1, 1, 0), (0, 2, 0, 1, 1, 0), (1, 0, 2, 1, 0, 0), (0, 1, 0, 2, 1, 0), (0, 0, 3, 0, 1, 0), (0, 1, 0, 3, 0, 0), (1, 2, 1, 0, 0, 0), (0, 0, 1, 2, 1, 0), (0, 3, 0, 0, 1, 0), (2, 1, 0, 0, 1, 0), (2, 0, 0, 1, 1, 0), (1, 0, 2, 0, 0, 1), (0, 0, 1, 0, 3, 0), (3, 1, 0, 0, 0, 0), (2, 0, 2, 0, 0, 0), (0, 1, 2, 0, 1, 0), (0, 3, 0, 0, 0, 1), (0, 0, 2, 2, 0, 0), (1, 0, 0, 2, 1, 0), (0, 2, 2, 0, 0, 0), (2, 1, 1, 0, 0, 0), (2, 2, 0, 0, 0, 0), (0, 2, 1, 0, 1, 0), (0, 1, 3, 0, 0, 0), (0, 0, 2, 0, 2, 0), (0, 0, 2, 1, 1, 0), (0, 0, 0, 2, 2, 0), (1, 3, 0, 0, 0, 0), (1, 0, 0, 1, 2, 0), (0, 0, 0, 3, 1, 0), (3, 0, 0, 0, 1, 0), (1, 1, 2, 0, 0, 0), (1, 1, 1, 0, 0, 1), (1, 0, 1, 2, 0, 0), (1, 2, 0, 1, 0, 0), (1, 1, 1, 0, 1, 0), (0, 0, 0, 1, 3, 0), (1, 0, 0, 0, 3, 0), (2, 0, 1, 0, 1, 0), (2, 0, 1, 1, 0, 0), (3, 0, 1, 0, 0, 0), (0, 0, 1, 3, 0, 0), (1, 2, 0, 0, 1, 0), (0, 3, 0, 1, 0, 0), (0, 0, 3, 1, 0, 0), (2, 1, 0, 1, 0, 0), (0, 2, 0, 0, 2, 0), (0, 0, 1, 1, 2, 0)}
(47) 1-PS = (1, 3/4, 0, -1/4, -1/2, -1) yields a state with 62 characters
Maximal nonstable state={(0, 1, 1, 2, 0, 0), (0, 2, 0, 1, 0, 1), (2, 0, 0, 1, 0, 1), (2, 1, 0, 0, 0, 1), (1, 0, 2, 0, 1, 0), (2, 0, 0, 2, 0, 0), (0, 3, 1, 0, 0, 0), (2, 1, 0, 0, 1, 0), (1, 0, 1, 0, 2, 0), (2, 0, 0, 1, 1, 0), (0, 1, 2, 1, 0, 0), (1, 0, 2, 0, 0, 1), (0, 1, 1, 1, 1, 0), (0, 2, 1, 1, 0, 0), (0, 2, 1, 0, 0, 1), (3, 1, 0, 0, 0, 0), (2, 0, 2, 0, 0, 0), (0, 1, 2, 0, 1, 0), (1, 0, 0, 3, 0, 0), (0, 2, 0, 0, 1, 1), (0, 3, 0, 0, 0, 1), (3, 0, 0, 0, 0, 1), (2, 0, 0, 0, 1, 1), (1, 0, 0, 2, 1, 0), (2, 0, 0, 0, 2, 0), (1, 0, 3, 0, 0, 0), (0, 2, 2, 0, 0, 0), (3, 0, 0, 1, 0, 0), (1, 1, 0, 2, 0, 0), (2, 1, 1, 0, 0, 0), (1, 1, 0, 1, 0, 1), (2, 2, 0, 0, 0, 0), (0, 2, 1, 0, 1, 0), (0, 1, 3, 0, 0, 0), (1, 3, 0, 0, 0, 0), (3, 0, 0, 0, 1, 0), (1, 1, 1, 1, 0, 0), (1, 1, 2, 0, 0, 0), (1, 1, 0, 0, 2, 0), (1, 1, 0, 1, 1, 0), (1, 1, 0, 0, 1, 1), (1, 1, 1, 0, 0, 1), (0, 2, 0, 2, 0, 0), (1, 0, 1, 2, 0, 0), (2, 0, 1, 0, 0, 1), (1, 2, 0, 1, 0, 0), (1, 1, 1, 0, 1, 0), (1, 2, 0, 0, 0, 1), (2, 0, 1, 0, 1, 0), (1, 0, 1, 1, 1, 0), (2, 0, 1, 1, 0, 0), (0, 2, 0, 1, 1, 0), (3, 0, 1, 0, 0, 0), (2, 0, 0, 0, 0, 2), (1, 2, 0, 0, 1, 0), (0, 3, 0, 1, 0, 0), (1, 0, 2, 1, 0, 0), (1, 2, 1, 0, 0, 0), (0, 1, 0, 3, 0, 0), (2, 1, 0, 1, 0, 0), (0, 2, 0, 0, 2, 0), (0, 3, 0, 0, 1, 0)}
(48) 1-PS = (1, 0, 0, 0, 0, -1) yields a state with 81 characters
Maximal nonstable state={(0, 1, 1, 2, 0, 0), (2, 0, 0, 1, 0, 1), (2, 1, 0, 0, 0, 1), (1, 0, 2, 0, 1, 0), (2, 0, 0, 2, 0, 0), (0, 3, 1, 0, 0, 0), (1, 0, 1, 0, 2, 0), (0, 1, 2, 1, 0, 0), (0, 1, 1, 1, 1, 0), (0, 2, 1, 1, 0, 0), (0, 1, 0, 1, 2, 0), (1, 0, 0, 3, 0, 0), (0, 1, 1, 0, 2, 0), (3, 0, 0, 0, 0, 1), (2, 0, 0, 0, 1, 1), (0, 1, 0, 0, 3, 0), (2, 0, 0, 0, 2, 0), (1, 0, 3, 0, 0, 0), (3, 0, 0, 1, 0, 0), (1, 1, 0, 2, 0, 0), (1, 1, 0, 1, 0, 1), (1, 1, 1, 1, 0, 0), (1, 1, 0, 0, 2, 0), (1, 1, 0, 1, 1, 0), (1, 1, 0, 0, 1, 1), (0, 2, 0, 2, 0, 0), (2, 0, 1, 0, 0, 1), (1, 2, 0, 0, 0, 1), (1, 0, 1, 1, 1, 0), (0, 2, 0, 1, 1, 0), (1, 0, 2, 1, 0, 0), (0, 1, 0, 2, 1, 0), (0, 0, 3, 0, 1, 0), (0, 1, 0, 3, 0, 0), (1, 2, 1, 0, 0, 0), (0, 0, 1, 2, 1, 0), (0, 3, 0, 0, 1, 0), (2, 1, 0, 0, 1, 0), (2, 0, 0, 1, 1, 0), (1, 0, 2, 0, 0, 1), (0, 0, 1, 0, 3, 0), (3, 1, 0, 0, 0, 0), (2, 0, 2, 0, 0, 0), (1, 0, 0, 1, 1, 1), (0, 1, 2, 0, 1, 0), (0, 0, 2, 2, 0, 0), (1, 0, 0, 2, 1, 0), (1, 0, 0, 2, 0, 1), (0, 2, 2, 0, 0, 0), (2, 1, 1, 0, 0, 0), (2, 2, 0, 0, 0, 0), (0, 2, 1, 0, 1, 0), (0, 1, 3, 0, 0, 0), (1, 0, 1, 1, 0, 1), (0, 0, 2, 0, 2, 0), (0, 0, 2, 1, 1, 0), (0, 0, 0, 2, 2, 0), (1, 3, 0, 0, 0, 0), (1, 0, 0, 1, 2, 0), (0, 0, 0, 3, 1, 0), (3, 0, 0, 0, 1, 0), (1, 1, 2, 0, 0, 0), (1, 1, 1, 0, 0, 1), (1, 0, 1, 2, 0, 0), (1, 2, 0, 1, 0, 0), (1, 1, 1, 0, 1, 0), (0, 0, 0, 1, 3, 0), (1, 0, 0, 0, 3, 0), (2, 0, 1, 0, 1, 0), (2, 0, 1, 1, 0, 0), (1, 0, 0, 0, 2, 1), (3, 0, 1, 0, 0, 0), (0, 0, 1, 3, 0, 0), (2, 0, 0, 0, 0, 2), (1, 2, 0, 0, 1, 0), (1, 0, 1, 0, 1, 1), (0, 3, 0, 1, 0, 0), (0, 0, 3, 1, 0, 0), (2, 1, 0, 1, 0, 0), (0, 2, 0, 0, 2, 0), (0, 0, 1, 1, 2, 0)}
(49) 1-PS = (1, 3/19, -1/19, -5/19, -7/19, -9/19) yields a state with 56 characters
Maximal nonstable state={(1, 0, 2, 0, 1, 0), (2, 0, 0, 1, 0, 1), (2, 1, 0, 0, 0, 1), (2, 0, 0, 2, 0, 0), (0, 3, 1, 0, 0, 0), (2, 1, 0, 0, 1, 0), (1, 0, 1, 0, 2, 0), (2, 0, 0, 1, 1, 0), (1, 0, 2, 0, 0, 1), (0, 2, 1, 1, 0, 0), (3, 1, 0, 0, 0, 0), (2, 0, 2, 0, 0, 0), (1, 0, 0, 3, 0, 0), (0, 3, 0, 0, 0, 1), (3, 0, 0, 0, 0, 1), (2, 0, 0, 0, 1, 1), (1, 0, 0, 2, 1, 0), (1, 0, 0, 2, 0, 1), (2, 0, 0, 0, 2, 0), (1, 0, 3, 0, 0, 0), (1, 0, 1, 0, 0, 2), (1, 1, 0, 0, 0, 2), (1, 1, 0, 2, 0, 0), (0, 2, 2, 0, 0, 0), (2, 1, 1, 0, 0, 0), (1, 1, 0, 1, 0, 1), (3, 0, 0, 1, 0, 0), (2, 2, 0, 0, 0, 0), (0, 1, 3, 0, 0, 0), (1, 0, 1, 1, 0, 1), (1, 3, 0, 0, 0, 0), (1, 0, 0, 1, 2, 0), (3, 0, 0, 0, 1, 0), (1, 1, 1, 1, 0, 0), (1, 1, 2, 0, 0, 0), (1, 1, 0, 0, 2, 0), (1, 1, 0, 1, 1, 0), (1, 1, 0, 0, 1, 1), (1, 1, 1, 0, 0, 1), (1, 0, 1, 2, 0, 0), (2, 0, 1, 0, 0, 1), (1, 2, 0, 1, 0, 0), (1, 1, 1, 0, 1, 0), (1, 2, 0, 0, 0, 1), (2, 0, 1, 0, 1, 0), (1, 0, 1, 1, 1, 0), (2, 0, 1, 1, 0, 0), (3, 0, 1, 0, 0, 0), (2, 0, 0, 0, 0, 2), (1, 2, 0, 0, 1, 0), (1, 0, 1, 0, 1, 1), (0, 3, 0, 1, 0, 0), (1, 0, 2, 1, 0, 0), (1, 2, 1, 0, 0, 0), (2, 1, 0, 1, 0, 0), (0, 3, 0, 0, 1, 0)}
(50) 1-PS = (1, 1/3, 1/3, 1/3, -1, -1) yields a state with 74 characters
Maximal nonstable state={(0, 1, 1, 2, 0, 0), (0, 0, 1, 2, 0, 1), (2, 0, 0, 1, 0, 1), (2, 1, 0, 0, 0, 1), (1, 0, 2, 0, 1, 0), (2, 0, 0, 2, 0, 0), (0, 3, 1, 0, 0, 0), (0, 1, 2, 1, 0, 0), (0, 0, 3, 0, 0, 1), (0, 1, 1, 1, 1, 0), (0, 2, 1, 1, 0, 0), (0, 2, 1, 0, 0, 1), (1, 0, 0, 3, 0, 0), (3, 0, 0, 0, 0, 1), (2, 0, 0, 0, 1, 1), (2, 0, 0, 0, 2, 0), (1, 0, 3, 0, 0, 0), (3, 0, 0, 1, 0, 0), (1, 1, 0, 2, 0, 0), (1, 1, 0, 1, 0, 1), (1, 1, 1, 1, 0, 0), (1, 1, 0, 1, 1, 0), (0, 2, 0, 2, 0, 0), (2, 0, 1, 0, 0, 1), (1, 2, 0, 0, 0, 1), (1, 0, 1, 1, 1, 0), (0, 2, 0, 1, 1, 0), (1, 0, 2, 1, 0, 0), (0, 1, 0, 2, 1, 0), (0, 0, 3, 0, 1, 0), (0, 1, 0, 3, 0, 0), (1, 2, 1, 0, 0, 0), (0, 0, 1, 2, 1, 0), (0, 3, 0, 0, 1, 0), (0, 2, 0, 1, 0, 1), (2, 1, 0, 0, 1, 0), (0, 1, 1, 1, 0, 1), (2, 0, 0, 1, 1, 0), (1, 0, 2, 0, 0, 1), (3, 1, 0, 0, 0, 0), (2, 0, 2, 0, 0, 0), (0, 1, 2, 0, 1, 0), (0, 3, 0, 0, 0, 1), (0, 0, 2, 2, 0, 0), (1, 0, 0, 2, 1, 0), (1, 0, 0, 2, 0, 1), (0, 0, 2, 1, 0, 1), (0, 2, 2, 0, 0, 0), (0, 1, 0, 2, 0, 1), (2, 1, 1, 0, 0, 0), (2, 2, 0, 0, 0, 0), (0, 2, 1, 0, 1, 0), (0, 1, 3, 0, 0, 0), (1, 0, 1, 1, 0, 1), (0, 0, 2, 1, 1, 0), (1, 3, 0, 0, 0, 0), (0, 0, 0, 3, 1, 0), (3, 0, 0, 0, 1, 0), (1, 1, 2, 0, 0, 0), (1, 1, 1, 0, 0, 1), (1, 0, 1, 2, 0, 0), (1, 2, 0, 1, 0, 0), (1, 1, 1, 0, 1, 0), (2, 0, 1, 0, 1, 0), (2, 0, 1, 1, 0, 0), (3, 0, 1, 0, 0, 0), (0, 0, 1, 3, 0, 0), (2, 0, 0, 0, 0, 2), (0, 0, 0, 3, 0, 1), (1, 2, 0, 0, 1, 0), (0, 3, 0, 1, 0, 0), (0, 0, 3, 1, 0, 0), (2, 1, 0, 1, 0, 0), (0, 1, 2, 0, 0, 1)}
(51) 1-PS = (1, 5/9, 1/3, 1/9, -1/3, -5/3) yields a state with 70 characters
Maximal nonstable state={(0, 1, 1, 2, 0, 0), (2, 0, 0, 1, 0, 1), (2, 1, 0, 0, 0, 1), (1, 0, 2, 0, 1, 0), (2, 0, 0, 2, 0, 0), (0, 3, 1, 0, 0, 0), (1, 0, 1, 0, 2, 0), (0, 1, 2, 1, 0, 0), (0, 1, 1, 1, 1, 0), (0, 2, 1, 1, 0, 0), (0, 1, 0, 1, 2, 0), (1, 0, 0, 3, 0, 0), (0, 1, 1, 0, 2, 0), (3, 0, 0, 0, 0, 1), (2, 0, 0, 0, 1, 1), (2, 0, 0, 0, 2, 0), (1, 0, 3, 0, 0, 0), (3, 0, 0, 1, 0, 0), (1, 1, 0, 2, 0, 0), (1, 1, 0, 1, 0, 1), (1, 1, 1, 1, 0, 0), (1, 1, 0, 0, 2, 0), (1, 1, 0, 1, 1, 0), (0, 2, 0, 2, 0, 0), (2, 0, 1, 0, 0, 1), (1, 2, 0, 0, 0, 1), (1, 0, 1, 1, 1, 0), (0, 2, 0, 1, 1, 0), (1, 0, 2, 1, 0, 0), (0, 1, 0, 2, 1, 0), (0, 0, 3, 0, 1, 0), (0, 1, 0, 3, 0, 0), (1, 2, 1, 0, 0, 0), (0, 0, 1, 2, 1, 0), (0, 3, 0, 0, 1, 0), (2, 1, 0, 0, 1, 0), (2, 0, 0, 1, 1, 0), (1, 0, 2, 0, 0, 1), (3, 1, 0, 0, 0, 0), (2, 0, 2, 0, 0, 0), (0, 1, 2, 0, 1, 0), (0, 3, 0, 0, 0, 1), (0, 0, 2, 2, 0, 0), (1, 0, 0, 2, 1, 0), (0, 2, 2, 0, 0, 0), (2, 1, 1, 0, 0, 0), (2, 2, 0, 0, 0, 0), (0, 2, 1, 0, 1, 0), (0, 1, 3, 0, 0, 0), (0, 0, 2, 0, 2, 0), (0, 0, 2, 1, 1, 0), (1, 3, 0, 0, 0, 0), (1, 0, 0, 1, 2, 0), (0, 0, 0, 3, 1, 0), (3, 0, 0, 0, 1, 0), (1, 1, 2, 0, 0, 0), (1, 1, 1, 0, 0, 1), (1, 0, 1, 2, 0, 0), (1, 2, 0, 1, 0, 0), (1, 1, 1, 0, 1, 0), (1, 0, 0, 0, 3, 0), (2, 0, 1, 0, 1, 0), (2, 0, 1, 1, 0, 0), (3, 0, 1, 0, 0, 0), (0, 0, 1, 3, 0, 0), (1, 2, 0, 0, 1, 0), (0, 3, 0, 1, 0, 0), (0, 0, 3, 1, 0, 0), (2, 1, 0, 1, 0, 0), (0, 2, 0, 0, 2, 0)}
(52) 1-PS = (1, 5/9, 1/3, -1/9, -7/9, -1) yields a state with 65 characters
Maximal nonstable state={(0, 1, 1, 2, 0, 0), (2, 0, 0, 1, 0, 1), (2, 1, 0, 0, 0, 1), (1, 0, 2, 0, 1, 0), (2, 0, 0, 2, 0, 0), (0, 3, 1, 0, 0, 0), (0, 1, 2, 1, 0, 0), (0, 0, 3, 0, 0, 1), (0, 1, 1, 1, 1, 0), (0, 2, 1, 1, 0, 0), (0, 2, 1, 0, 0, 1), (1, 0, 0, 3, 0, 0), (3, 0, 0, 0, 0, 1), (2, 0, 0, 0, 1, 1), (2, 0, 0, 0, 2, 0), (1, 0, 3, 0, 0, 0), (3, 0, 0, 1, 0, 0), (1, 1, 0, 2, 0, 0), (1, 1, 0, 1, 0, 1), (1, 1, 1, 1, 0, 0), (1, 1, 0, 0, 2, 0), (1, 1, 0, 1, 1, 0), (0, 2, 0, 2, 0, 0), (2, 0, 1, 0, 0, 1), (1, 2, 0, 0, 0, 1), (1, 0, 1, 1, 1, 0), (0, 2, 0, 1, 1, 0), (1, 0, 2, 1, 0, 0), (1, 2, 1, 0, 0, 0), (0, 0, 3, 0, 1, 0), (0, 1, 0, 3, 0, 0), (0, 3, 0, 0, 1, 0), (0, 2, 0, 1, 0, 1), (2, 1, 0, 0, 1, 0), (2, 0, 0, 1, 1, 0), (1, 0, 2, 0, 0, 1), (3, 1, 0, 0, 0, 0), (2, 0, 2, 0, 0, 0), (0, 1, 2, 0, 1, 0), (0, 3, 0, 0, 0, 1), (0, 0, 2, 2, 0, 0), (1, 0, 0, 2, 1, 0), (0, 2, 2, 0, 0, 0), (2, 1, 1, 0, 0, 0), (2, 2, 0, 0, 0, 0), (0, 2, 1, 0, 1, 0), (0, 1, 3, 0, 0, 0), (1, 0, 1, 1, 0, 1), (1, 3, 0, 0, 0, 0), (3, 0, 0, 0, 1, 0), (1, 1, 2, 0, 0, 0), (1, 1, 1, 0, 0, 1), (1, 0, 1, 2, 0, 0), (1, 2, 0, 1, 0, 0), (1, 1, 1, 0, 1, 0), (2, 0, 1, 0, 1, 0), (2, 0, 1, 1, 0, 0), (3, 0, 1, 0, 0, 0), (0, 0, 1, 3, 0, 0), (2, 0, 0, 0, 0, 2), (1, 2, 0, 0, 1, 0), (0, 3, 0, 1, 0, 0), (0, 0, 3, 1, 0, 0), (2, 1, 0, 1, 0, 0), (0, 1, 2, 0, 0, 1)}
(53) 1-PS = (1, 2/3, 1/3, -1/3, -2/3, -1) yields a state with 65 characters
Maximal nonstable state={(0, 1, 1, 2, 0, 0), (2, 0, 0, 1, 0, 1), (2, 1, 0, 0, 0, 1), (1, 0, 2, 0, 1, 0), (2, 0, 0, 2, 0, 0), (0, 3, 1, 0, 0, 0), (1, 0, 1, 0, 2, 0), (0, 1, 2, 1, 0, 0), (0, 0, 3, 0, 0, 1), (0, 1, 1, 1, 1, 0), (0, 2, 1, 1, 0, 0), (0, 2, 1, 0, 0, 1), (1, 0, 0, 3, 0, 0), (3, 0, 0, 0, 0, 1), (2, 0, 0, 0, 1, 1), (2, 0, 0, 0, 2, 0), (1, 0, 3, 0, 0, 0), (3, 0, 0, 1, 0, 0), (1, 1, 0, 2, 0, 0), (1, 1, 0, 1, 0, 1), (1, 1, 1, 1, 0, 0), (1, 1, 0, 0, 2, 0), (1, 1, 0, 1, 1, 0), (1, 1, 0, 0, 1, 1), (0, 2, 0, 2, 0, 0), (2, 0, 1, 0, 0, 1), (1, 2, 0, 0, 0, 1), (1, 0, 1, 1, 1, 0), (0, 2, 0, 1, 1, 0), (1, 0, 2, 1, 0, 0), (1, 2, 1, 0, 0, 0), (0, 0, 3, 0, 1, 0), (0, 3, 0, 0, 1, 0), (0, 2, 0, 1, 0, 1), (2, 1, 0, 0, 1, 0), (2, 0, 0, 1, 1, 0), (1, 0, 2, 0, 0, 1), (3, 1, 0, 0, 0, 0), (2, 0, 2, 0, 0, 0), (0, 1, 2, 0, 1, 0), (0, 3, 0, 0, 0, 1), (0, 0, 2, 2, 0, 0), (0, 2, 2, 0, 0, 0), (0, 2, 0, 0, 2, 0), (2, 1, 1, 0, 0, 0), (2, 2, 0, 0, 0, 0), (0, 2, 1, 0, 1, 0), (0, 1, 3, 0, 0, 0), (1, 0, 1, 1, 0, 1), (1, 3, 0, 0, 0, 0), (3, 0, 0, 0, 1, 0), (1, 1, 2, 0, 0, 0), (1, 1, 1, 0, 0, 1), (1, 0, 1, 2, 0, 0), (1, 2, 0, 1, 0, 0), (1, 1, 1, 0, 1, 0), (2, 0, 1, 0, 1, 0), (2, 0, 1, 1, 0, 0), (3, 0, 1, 0, 0, 0), (2, 0, 0, 0, 0, 2), (1, 2, 0, 0, 1, 0), (0, 3, 0, 1, 0, 0), (0, 0, 3, 1, 0, 0), (2, 1, 0, 1, 0, 0), (0, 1, 2, 0, 0, 1)}
(54) 1-PS = (1, 1/3, 1/3, -1/3, -1/3, -1) yields a state with 71 characters
Maximal nonstable state={(0, 1, 1, 2, 0, 0), (2, 0, 0, 1, 0, 1), (2, 1, 0, 0, 0, 1), (1, 0, 2, 0, 1, 0), (2, 0, 0, 2, 0, 0), (0, 3, 1, 0, 0, 0), (1, 0, 1, 0, 2, 0), (0, 1, 2, 1, 0, 0), (0, 0, 3, 0, 0, 1), (0, 1, 1, 1, 1, 0), (0, 2, 1, 1, 0, 0), (0, 2, 1, 0, 0, 1), (1, 0, 0, 3, 0, 0), (0, 1, 1, 0, 2, 0), (3, 0, 0, 0, 0, 1), (2, 0, 0, 0, 1, 1), (2, 0, 0, 0, 2, 0), (1, 0, 3, 0, 0, 0), (3, 0, 0, 1, 0, 0), (1, 1, 0, 2, 0, 0), (1, 1, 0, 1, 0, 1), (1, 1, 1, 1, 0, 0), (1, 1, 0, 0, 2, 0), (1, 1, 0, 1, 1, 0), (1, 1, 0, 0, 1, 1), (0, 2, 0, 2, 0, 0), (2, 0, 1, 0, 0, 1), (1, 2, 0, 0, 0, 1), (1, 0, 1, 1, 1, 0), (0, 2, 0, 1, 1, 0), (1, 0, 2, 1, 0, 0), (1, 2, 1, 0, 0, 0), (0, 0, 3, 0, 1, 0), (0, 3, 0, 0, 1, 0), (2, 1, 0, 0, 1, 0), (2, 0, 0, 1, 1, 0), (1, 0, 2, 0, 0, 1), (3, 1, 0, 0, 0, 0), (2, 0, 2, 0, 0, 0), (0, 1, 2, 0, 1, 0), (0, 3, 0, 0, 0, 1), (0, 0, 2, 2, 0, 0), (1, 0, 0, 2, 1, 0), (0, 2, 2, 0, 0, 0), (0, 2, 0, 0, 2, 0), (2, 1, 1, 0, 0, 0), (2, 2, 0, 0, 0, 0), (0, 2, 1, 0, 1, 0), (0, 1, 3, 0, 0, 0), (1, 0, 1, 1, 0, 1), (0, 0, 2, 0, 2, 0), (0, 0, 2, 1, 1, 0), (1, 3, 0, 0, 0, 0), (1, 0, 0, 1, 2, 0), (3, 0, 0, 0, 1, 0), (1, 1, 2, 0, 0, 0), (1, 1, 1, 0, 0, 1), (1, 0, 1, 2, 0, 0), (1, 2, 0, 1, 0, 0), (1, 1, 1, 0, 1, 0), (1, 0, 0, 0, 3, 0), (2, 0, 1, 0, 1, 0), (2, 0, 1, 1, 0, 0), (3, 0, 1, 0, 0, 0), (2, 0, 0, 0, 0, 2), (1, 2, 0, 0, 1, 0), (1, 0, 1, 0, 1, 1), (0, 3, 0, 1, 0, 0), (0, 0, 3, 1, 0, 0), (2, 1, 0, 1, 0, 0), (0, 1, 2, 0, 0, 1)}
(55) 1-PS = (1, 2/3, 1/3, 0, -2/3, -4/3) yields a state with 67 characters
Maximal nonstable state={(0, 1, 1, 2, 0, 0), (2, 0, 0, 1, 0, 1), (2, 1, 0, 0, 0, 1), (1, 0, 2, 0, 1, 0), (2, 0, 0, 2, 0, 0), (0, 3, 1, 0, 0, 0), (1, 0, 1, 0, 2, 0), (0, 1, 2, 1, 0, 0), (0, 1, 1, 1, 1, 0), (0, 2, 1, 1, 0, 0), (0, 2, 1, 0, 0, 1), (1, 0, 0, 3, 0, 0), (3, 0, 0, 0, 0, 1), (2, 0, 0, 0, 1, 1), (2, 0, 0, 0, 2, 0), (1, 0, 3, 0, 0, 0), (3, 0, 0, 1, 0, 0), (1, 1, 0, 2, 0, 0), (1, 1, 0, 1, 0, 1), (1, 1, 1, 1, 0, 0), (1, 1, 0, 0, 2, 0), (1, 1, 0, 1, 1, 0), (0, 2, 0, 2, 0, 0), (2, 0, 1, 0, 0, 1), (1, 2, 0, 0, 0, 1), (1, 0, 1, 1, 1, 0), (0, 2, 0, 1, 1, 0), (1, 0, 2, 1, 0, 0), (0, 1, 0, 2, 1, 0), (0, 0, 3, 0, 1, 0), (0, 1, 0, 3, 0, 0), (1, 2, 1, 0, 0, 0), (0, 3, 0, 0, 1, 0), (0, 2, 0, 1, 0, 1), (2, 1, 0, 0, 1, 0), (2, 0, 0, 1, 1, 0), (1, 0, 2, 0, 0, 1), (3, 1, 0, 0, 0, 0), (2, 0, 2, 0, 0, 0), (0, 1, 2, 0, 1, 0), (0, 3, 0, 0, 0, 1), (0, 0, 2, 2, 0, 0), (1, 0, 0, 2, 1, 0), (0, 2, 2, 0, 0, 0), (0, 2, 0, 0, 2, 0), (2, 1, 1, 0, 0, 0), (2, 2, 0, 0, 0, 0), (0, 2, 1, 0, 1, 0), (0, 1, 3, 0, 0, 0), (1, 0, 1, 1, 0, 1), (0, 0, 2, 1, 1, 0), (1, 3, 0, 0, 0, 0), (3, 0, 0, 0, 1, 0), (1, 1, 2, 0, 0, 0), (1, 1, 1, 0, 0, 1), (1, 0, 1, 2, 0, 0), (1, 2, 0, 1, 0, 0), (1, 1, 1, 0, 1, 0), (2, 0, 1, 0, 1, 0), (2, 0, 1, 1, 0, 0), (3, 0, 1, 0, 0, 0), (0, 0, 1, 3, 0, 0), (1, 2, 0, 0, 1, 0), (0, 3, 0, 1, 0, 0), (0, 0, 3, 1, 0, 0), (2, 1, 0, 1, 0, 0), (0, 1, 2, 0, 0, 1)}
(56) 1-PS = (1, 1/2, 0, -1/4, -1/2, -3/4) yields a state with 61 characters
Maximal nonstable state={(0, 1, 1, 2, 0, 0), (0, 2, 0, 1, 0, 1), (2, 0, 0, 1, 0, 1), (2, 1, 0, 0, 0, 1), (1, 0, 2, 0, 1, 0), (2, 0, 0, 2, 0, 0), (0, 3, 1, 0, 0, 0), (2, 1, 0, 0, 1, 0), (1, 0, 1, 0, 2, 0), (2, 0, 0, 1, 1, 0), (0, 1, 2, 1, 0, 0), (1, 0, 2, 0, 0, 1), (0, 2, 1, 0, 0, 1), (0, 2, 1, 1, 0, 0), (3, 1, 0, 0, 0, 0), (2, 0, 2, 0, 0, 0), (0, 1, 2, 0, 1, 0), (1, 0, 0, 3, 0, 0), (0, 3, 0, 0, 0, 1), (3, 0, 0, 0, 0, 1), (2, 0, 0, 0, 1, 1), (1, 0, 0, 2, 1, 0), (2, 0, 0, 0, 2, 0), (1, 0, 3, 0, 0, 0), (1, 1, 0, 0, 0, 2), (0, 2, 2, 0, 0, 0), (1, 1, 0, 2, 0, 0), (3, 0, 0, 1, 0, 0), (2, 1, 1, 0, 0, 0), (1, 1, 0, 1, 0, 1), (2, 2, 0, 0, 0, 0), (0, 2, 1, 0, 1, 0), (0, 1, 3, 0, 0, 0), (1, 0, 1, 1, 0, 1), (1, 3, 0, 0, 0, 0), (3, 0, 0, 0, 1, 0), (1, 1, 1, 1, 0, 0), (1, 1, 2, 0, 0, 0), (1, 1, 0, 0, 2, 0), (1, 1, 0, 1, 1, 0), (1, 1, 0, 0, 1, 1), (1, 1, 1, 0, 0, 1), (0, 2, 0, 2, 0, 0), (1, 0, 1, 2, 0, 0), (2, 0, 1, 0, 0, 1), (1, 2, 0, 1, 0, 0), (1, 1, 1, 0, 1, 0), (1, 2, 0, 0, 0, 1), (2, 0, 1, 0, 1, 0), (1, 0, 1, 1, 1, 0), (2, 0, 1, 1, 0, 0), (0, 2, 0, 1, 1, 0), (3, 0, 1, 0, 0, 0), (2, 0, 0, 0, 0, 2), (1, 2, 0, 0, 1, 0), (0, 3, 0, 1, 0, 0), (1, 0, 2, 1, 0, 0), (1, 2, 1, 0, 0, 0), (2, 1, 0, 1, 0, 0), (0, 2, 0, 0, 2, 0), (0, 3, 0, 0, 1, 0)}
(57) 1-PS = (1, 1/9, 1/9, -1/3, -1/3, -5/9) yields a state with 60 characters
Maximal nonstable state={(1, 0, 2, 0, 1, 0), (2, 0, 0, 1, 0, 1), (2, 1, 0, 0, 0, 1), (2, 0, 0, 2, 0, 0), (0, 3, 1, 0, 0, 0), (2, 1, 0, 0, 1, 0), (1, 0, 1, 0, 2, 0), (2, 0, 0, 1, 1, 0), (0, 1, 2, 1, 0, 0), (1, 0, 2, 0, 0, 1), (0, 2, 1, 1, 0, 0), (3, 1, 0, 0, 0, 0), (2, 0, 2, 0, 0, 0), (0, 1, 2, 0, 1, 0), (1, 0, 0, 3, 0, 0), (3, 0, 0, 0, 0, 1), (2, 0, 0, 0, 1, 1), (1, 0, 0, 2, 1, 0), (2, 0, 0, 0, 2, 0), (1, 0, 3, 0, 0, 0), (1, 0, 1, 0, 0, 2), (1, 1, 0, 0, 0, 2), (1, 1, 0, 2, 0, 0), (0, 2, 2, 0, 0, 0), (2, 1, 1, 0, 0, 0), (1, 1, 0, 1, 0, 1), (3, 0, 0, 1, 0, 0), (0, 2, 1, 0, 1, 0), (2, 2, 0, 0, 0, 0), (0, 1, 3, 0, 0, 0), (1, 0, 1, 1, 0, 1), (1, 3, 0, 0, 0, 0), (1, 0, 0, 1, 2, 0), (3, 0, 0, 0, 1, 0), (1, 1, 1, 1, 0, 0), (1, 1, 2, 0, 0, 0), (1, 1, 0, 0, 2, 0), (1, 1, 0, 1, 1, 0), (1, 1, 0, 0, 1, 1), (1, 1, 1, 0, 0, 1), (1, 0, 1, 2, 0, 0), (2, 0, 1, 0, 0, 1), (1, 2, 0, 1, 0, 0), (1, 1, 1, 0, 1, 0), (1, 2, 0, 0, 0, 1), (1, 0, 0, 0, 3, 0), (2, 0, 1, 0, 1, 0), (1, 0, 1, 1, 1, 0), (2, 0, 1, 1, 0, 0), (3, 0, 1, 0, 0, 0), (2, 0, 0, 0, 0, 2), (1, 2, 0, 0, 1, 0), (1, 0, 1, 0, 1, 1), (0, 3, 0, 1, 0, 0), (0, 0, 3, 1, 0, 0), (1, 0, 2, 1, 0, 0), (1, 2, 1, 0, 0, 0), (0, 0, 3, 0, 1, 0), (2, 1, 0, 1, 0, 0), (0, 3, 0, 0, 1, 0)}
