***************************************
SOLUTION TO GIT PROBLEM: NONSTABLE LOCI
***************************************
Group: A2 RepresentationA2(8,0,0)
Set of maximal non-stable states:
(1) 1-PS = (1, 1/2, -3/2) yields a state with 26 characters
Maximal nonstable state={(5, 1, 2), (7, 0, 1), (8, 0, 0), (2, 4, 2), (1, 5, 2), (1, 6, 1), (0, 7, 1), (6, 0, 2), (0, 8, 0), (4, 3, 1), (5, 2, 1), (3, 5, 0), (4, 4, 0), (6, 2, 0), (7, 1, 0), (0, 6, 2), (5, 0, 3), (3, 3, 2), (4, 2, 2), (4, 1, 3), (2, 5, 1), (3, 4, 1), (1, 7, 0), (2, 6, 0), (6, 1, 1), (5, 3, 0)}
(2) 1-PS = (1, 0, -1) yields a state with 25 characters
Maximal nonstable state={(5, 1, 2), (7, 0, 1), (8, 0, 0), (4, 0, 4), (2, 4, 2), (1, 6, 1), (6, 0, 2), (0, 8, 0), (4, 3, 1), (5, 2, 1), (3, 5, 0), (4, 4, 0), (6, 2, 0), (7, 1, 0), (5, 0, 3), (3, 3, 2), (4, 2, 2), (4, 1, 3), (2, 5, 1), (3, 4, 1), (1, 7, 0), (2, 6, 0), (6, 1, 1), (5, 3, 0), (3, 2, 3)}
(3) 1-PS = (1, -1/3, -2/3) yields a state with 21 characters
Maximal nonstable state={(5, 1, 2), (3, 1, 4), (7, 0, 1), (8, 0, 0), (4, 0, 4), (6, 0, 2), (4, 3, 1), (5, 2, 1), (3, 5, 0), (4, 4, 0), (6, 2, 0), (7, 1, 0), (5, 0, 3), (3, 3, 2), (4, 2, 2), (4, 1, 3), (3, 4, 1), (2, 6, 0), (6, 1, 1), (5, 3, 0), (3, 2, 3)}
(4) 1-PS = (1, -2/5, -3/5) yields a state with 21 characters
Maximal nonstable state={(5, 1, 2), (3, 1, 4), (7, 0, 1), (8, 0, 0), (4, 0, 4), (6, 0, 2), (4, 3, 1), (5, 2, 1), (3, 5, 0), (4, 4, 0), (3, 0, 5), (6, 2, 0), (7, 1, 0), (5, 0, 3), (3, 3, 2), (4, 2, 2), (4, 1, 3), (3, 4, 1), (6, 1, 1), (5, 3, 0), (3, 2, 3)}


**************************************
SOLUTION TO GIT PROBLEM: UNSTABLE LOCI
**************************************
Group: A2 RepresentationA2(8,0,0)
Set of maximal unstable states:
(1) 1-PS = (1, 2/5, -7/5) yields a state with 25 characters
Maximal unstable state={(5, 1, 2), (7, 0, 1), (8, 0, 0), (2, 4, 2), (1, 5, 2), (1, 6, 1), (6, 0, 2), (0, 7, 1), (0, 8, 0), (4, 3, 1), (5, 2, 1), (3, 5, 0), (4, 4, 0), (6, 2, 0), (7, 1, 0), (5, 0, 3), (3, 3, 2), (4, 2, 2), (4, 1, 3), (2, 5, 1), (3, 4, 1), (1, 7, 0), (2, 6, 0), (6, 1, 1), (5, 3, 0)}
(2) 1-PS = (1, 4/7, -11/7) yields a state with 25 characters
Maximal unstable state={(5, 1, 2), (7, 0, 1), (8, 0, 0), (2, 4, 2), (1, 5, 2), (1, 6, 1), (6, 0, 2), (0, 7, 1), (0, 8, 0), (4, 3, 1), (5, 2, 1), (3, 5, 0), (4, 4, 0), (6, 2, 0), (7, 1, 0), (0, 6, 2), (5, 0, 3), (3, 3, 2), (4, 2, 2), (2, 5, 1), (3, 4, 1), (1, 7, 0), (2, 6, 0), (6, 1, 1), (5, 3, 0)}
(3) 1-PS = (1, -1/2, -1/2) yields a state with 21 characters
Maximal unstable state={(5, 1, 2), (3, 1, 4), (7, 0, 1), (8, 0, 0), (4, 0, 4), (6, 0, 2), (4, 3, 1), (5, 2, 1), (3, 5, 0), (4, 4, 0), (3, 0, 5), (6, 2, 0), (7, 1, 0), (5, 0, 3), (3, 3, 2), (4, 2, 2), (4, 1, 3), (3, 4, 1), (6, 1, 1), (5, 3, 0), (3, 2, 3)}
(4) 1-PS = (1, -1/11, -10/11) yields a state with 22 characters
Maximal unstable state={(5, 1, 2), (7, 0, 1), (8, 0, 0), (4, 0, 4), (6, 0, 2), (4, 3, 1), (5, 2, 1), (3, 5, 0), (4, 4, 0), (6, 2, 0), (7, 1, 0), (5, 0, 3), (3, 3, 2), (4, 2, 2), (4, 1, 3), (2, 5, 1), (3, 4, 1), (1, 7, 0), (2, 6, 0), (6, 1, 1), (5, 3, 0), (3, 2, 3)}


*************************************************************
SOLUTION TO GIT PROBLEM: STRICTLY POLYSTABLE LOCI
*************************************************************
Group: A2 RepresentationA2(8,0,0)
Set of strictly polystable states:
(1) A state with 5 characters
Strictly polystable state={(4, 0, 4), (2, 4, 2), (1, 6, 1), (0, 8, 0), (3, 2, 3)}
(2) A state with 2 characters
Strictly polystable state={(4, 1, 3), (0, 6, 2)}
