***************************************
SOLUTION TO GIT PROBLEM: NONSTABLE LOCI
***************************************
Group: A2 RepresentationA2(12,0,0)
Set of maximal non-stable states:
(1) 1-PS = (1, -2/7, -5/7) yields a state with 43 characters
Maximal nonstable state={(8, 1, 3), (6, 5, 1), (7, 3, 2), (5, 7, 0), (9, 1, 2), (5, 1, 6), (12, 0, 0), (7, 1, 4), (8, 0, 4), (6, 4, 2), (6, 3, 3), (5, 6, 1), (5, 5, 2), (3, 9, 0), (4, 8, 0), (4, 7, 1), (7, 0, 5), (10, 2, 0), (11, 1, 0), (6, 2, 4), (4, 6, 2), (4, 5, 3), (6, 1, 5), (5, 4, 3), (3, 8, 1), (7, 2, 3), (10, 1, 1), (5, 2, 5), (10, 0, 2), (8, 4, 0), (6, 0, 6), (4, 4, 4), (9, 3, 0), (9, 2, 1), (11, 0, 1), (8, 2, 2), (5, 3, 4), (9, 0, 3), (5, 0, 7), (8, 3, 1), (6, 6, 0), (7, 5, 0), (7, 4, 1)}
(2) 1-PS = (1, -1/2, -1/2) yields a state with 45 characters
Maximal nonstable state={(7, 5, 0), (8, 1, 3), (6, 5, 1), (4, 1, 7), (7, 3, 2), (5, 7, 0), (4, 0, 8), (9, 1, 2), (5, 1, 6), (4, 3, 5), (12, 0, 0), (7, 1, 4), (8, 0, 4), (6, 4, 2), (6, 3, 3), (5, 6, 1), (5, 5, 2), (4, 8, 0), (4, 7, 1), (7, 0, 5), (10, 2, 0), (11, 1, 0), (6, 2, 4), (4, 6, 2), (4, 5, 3), (6, 1, 5), (5, 4, 3), (7, 2, 3), (10, 1, 1), (5, 2, 5), (10, 0, 2), (8, 4, 0), (6, 0, 6), (4, 4, 4), (9, 3, 0), (9, 2, 1), (11, 0, 1), (8, 2, 2), (5, 3, 4), (9, 0, 3), (5, 0, 7), (8, 3, 1), (6, 6, 0), (4, 2, 6), (7, 4, 1)}
(3) 1-PS = (1, 0, -1) yields a state with 49 characters
Maximal nonstable state={(8, 1, 3), (6, 5, 1), (7, 3, 2), (5, 7, 0), (9, 1, 2), (12, 0, 0), (7, 1, 4), (8, 0, 4), (6, 4, 2), (6, 3, 3), (5, 6, 1), (5, 5, 2), (3, 9, 0), (4, 8, 0), (4, 7, 1), (7, 0, 5), (10, 2, 0), (11, 1, 0), (6, 2, 4), (4, 6, 2), (4, 5, 3), (6, 1, 5), (5, 4, 3), (3, 8, 1), (3, 7, 2), (1, 11, 0), (2, 10, 0), (2, 9, 1), (7, 2, 3), (10, 1, 1), (5, 2, 5), (10, 0, 2), (8, 4, 0), (6, 0, 6), (4, 4, 4), (9, 3, 0), (9, 2, 1), (11, 0, 1), (3, 6, 3), (1, 10, 1), (5, 3, 4), (2, 8, 2), (0, 12, 0), (9, 0, 3), (8, 3, 1), (8, 2, 2), (6, 6, 0), (7, 5, 0), (7, 4, 1)}
(4) 1-PS = (1, -1/5, -4/5) yields a state with 44 characters
Maximal nonstable state={(8, 1, 3), (6, 5, 1), (7, 3, 2), (5, 7, 0), (9, 1, 2), (5, 1, 6), (12, 0, 0), (7, 1, 4), (8, 0, 4), (6, 4, 2), (6, 3, 3), (5, 6, 1), (5, 5, 2), (3, 9, 0), (4, 8, 0), (4, 7, 1), (7, 0, 5), (10, 2, 0), (11, 1, 0), (6, 2, 4), (4, 6, 2), (4, 5, 3), (6, 1, 5), (5, 4, 3), (3, 8, 1), (3, 7, 2), (2, 10, 0), (7, 2, 3), (10, 1, 1), (5, 2, 5), (10, 0, 2), (8, 4, 0), (6, 0, 6), (4, 4, 4), (9, 3, 0), (9, 2, 1), (11, 0, 1), (5, 3, 4), (9, 0, 3), (8, 3, 1), (8, 2, 2), (6, 6, 0), (7, 5, 0), (7, 4, 1)}
(5) 1-PS = (1, 1, -2) yields a state with 55 characters
Maximal nonstable state={(0, 10, 2), (8, 1, 3), (6, 5, 1), (7, 3, 2), (5, 7, 0), (1, 7, 4), (0, 9, 3), (9, 1, 2), (0, 8, 4), (2, 7, 3), (3, 5, 4), (1, 9, 2), (7, 1, 4), (12, 0, 0), (8, 0, 4), (0, 11, 1), (6, 4, 2), (6, 3, 3), (5, 6, 1), (5, 5, 2), (3, 9, 0), (4, 8, 0), (4, 7, 1), (10, 2, 0), (11, 1, 0), (6, 2, 4), (4, 6, 2), (4, 5, 3), (5, 4, 3), (3, 8, 1), (3, 7, 2), (1, 11, 0), (2, 10, 0), (2, 9, 1), (7, 4, 1), (7, 2, 3), (10, 1, 1), (10, 0, 2), (8, 4, 0), (9, 3, 0), (4, 4, 4), (9, 2, 1), (11, 0, 1), (3, 6, 3), (1, 10, 1), (5, 3, 4), (2, 8, 2), (0, 12, 0), (9, 0, 3), (8, 3, 1), (8, 2, 2), (6, 6, 0), (7, 5, 0), (2, 6, 4), (1, 8, 3)}
(6) 1-PS = (1, 1/4, -5/4) yields a state with 51 characters
Maximal nonstable state={(0, 10, 2), (8, 1, 3), (6, 5, 1), (7, 3, 2), (5, 7, 0), (9, 1, 2), (2, 7, 3), (1, 9, 2), (7, 1, 4), (12, 0, 0), (8, 0, 4), (0, 11, 1), (6, 4, 2), (6, 3, 3), (5, 6, 1), (5, 5, 2), (3, 9, 0), (4, 8, 0), (4, 7, 1), (7, 0, 5), (10, 2, 0), (11, 1, 0), (6, 2, 4), (4, 6, 2), (4, 5, 3), (6, 1, 5), (5, 4, 3), (3, 8, 1), (3, 7, 2), (1, 11, 0), (2, 10, 0), (2, 9, 1), (7, 2, 3), (10, 1, 1), (10, 0, 2), (8, 4, 0), (9, 3, 0), (4, 4, 4), (9, 2, 1), (11, 0, 1), (3, 6, 3), (1, 10, 1), (5, 3, 4), (2, 8, 2), (0, 12, 0), (9, 0, 3), (8, 3, 1), (8, 2, 2), (6, 6, 0), (7, 5, 0), (7, 4, 1)}
(7) 1-PS = (1, 2/5, -7/5) yields a state with 51 characters
Maximal nonstable state={(0, 10, 2), (8, 1, 3), (6, 5, 1), (7, 3, 2), (5, 7, 0), (9, 1, 2), (2, 7, 3), (1, 9, 2), (7, 1, 4), (12, 0, 0), (8, 0, 4), (0, 11, 1), (6, 4, 2), (6, 3, 3), (5, 6, 1), (5, 5, 2), (3, 9, 0), (4, 8, 0), (4, 7, 1), (7, 0, 5), (10, 2, 0), (11, 1, 0), (6, 2, 4), (4, 6, 2), (4, 5, 3), (5, 4, 3), (3, 8, 1), (3, 7, 2), (1, 11, 0), (2, 10, 0), (2, 9, 1), (7, 2, 3), (10, 1, 1), (10, 0, 2), (8, 4, 0), (9, 3, 0), (4, 4, 4), (9, 2, 1), (11, 0, 1), (3, 6, 3), (1, 10, 1), (5, 3, 4), (2, 8, 2), (0, 12, 0), (9, 0, 3), (8, 3, 1), (8, 2, 2), (6, 6, 0), (7, 5, 0), (7, 4, 1), (1, 8, 3)}


**************************************
SOLUTION TO GIT PROBLEM: UNSTABLE LOCI
**************************************
Group: A2 RepresentationA2(12,0,0)
Set of maximal unstable states:
(1) 1-PS = (1, 2/11, -13/11) yields a state with 48 characters
Maximal unstable state={(8, 1, 3), (6, 5, 1), (7, 3, 2), (5, 7, 0), (9, 1, 2), (1, 9, 2), (7, 1, 4), (12, 0, 0), (8, 0, 4), (0, 11, 1), (6, 3, 3), (6, 4, 2), (5, 6, 1), (5, 5, 2), (3, 9, 0), (4, 8, 0), (4, 7, 1), (7, 0, 5), (10, 2, 0), (11, 1, 0), (6, 2, 4), (4, 6, 2), (4, 5, 3), (6, 1, 5), (5, 4, 3), (3, 8, 1), (3, 7, 2), (1, 11, 0), (2, 10, 0), (2, 9, 1), (7, 2, 3), (10, 1, 1), (10, 0, 2), (8, 4, 0), (9, 3, 0), (9, 2, 1), (11, 0, 1), (3, 6, 3), (1, 10, 1), (5, 3, 4), (2, 8, 2), (0, 12, 0), (9, 0, 3), (8, 3, 1), (8, 2, 2), (6, 6, 0), (7, 5, 0), (7, 4, 1)}
(2) 1-PS = (1, 4/13, -17/13) yields a state with 49 characters
Maximal unstable state={(0, 10, 2), (8, 1, 3), (6, 5, 1), (7, 3, 2), (5, 7, 0), (9, 1, 2), (2, 7, 3), (1, 9, 2), (7, 1, 4), (12, 0, 0), (8, 0, 4), (0, 11, 1), (6, 3, 3), (6, 4, 2), (5, 6, 1), (5, 5, 2), (3, 9, 0), (4, 8, 0), (4, 7, 1), (7, 0, 5), (10, 2, 0), (11, 1, 0), (6, 2, 4), (4, 6, 2), (4, 5, 3), (5, 4, 3), (3, 8, 1), (3, 7, 2), (1, 11, 0), (2, 10, 0), (2, 9, 1), (7, 2, 3), (10, 1, 1), (10, 0, 2), (8, 4, 0), (9, 3, 0), (9, 2, 1), (11, 0, 1), (3, 6, 3), (1, 10, 1), (5, 3, 4), (2, 8, 2), (0, 12, 0), (9, 0, 3), (8, 3, 1), (8, 2, 2), (6, 6, 0), (7, 5, 0), (7, 4, 1)}
(3) 1-PS = (1, -1/17, -16/17) yields a state with 44 characters
Maximal unstable state={(8, 1, 3), (6, 5, 1), (7, 3, 2), (5, 7, 0), (9, 1, 2), (12, 0, 0), (7, 1, 4), (8, 0, 4), (6, 4, 2), (6, 3, 3), (5, 6, 1), (5, 5, 2), (3, 9, 0), (4, 8, 0), (4, 7, 1), (7, 0, 5), (10, 2, 0), (11, 1, 0), (6, 2, 4), (4, 6, 2), (4, 5, 3), (6, 1, 5), (5, 4, 3), (3, 8, 1), (3, 7, 2), (1, 11, 0), (2, 10, 0), (2, 9, 1), (7, 2, 3), (10, 1, 1), (5, 2, 5), (10, 0, 2), (8, 4, 0), (6, 0, 6), (9, 3, 0), (9, 2, 1), (11, 0, 1), (5, 3, 4), (9, 0, 3), (8, 3, 1), (8, 2, 2), (6, 6, 0), (7, 5, 0), (7, 4, 1)}
(4) 1-PS = (1, 4/7, -11/7) yields a state with 50 characters
Maximal unstable state={(0, 10, 2), (8, 1, 3), (6, 5, 1), (7, 3, 2), (5, 7, 0), (0, 9, 3), (9, 1, 2), (2, 7, 3), (1, 9, 2), (7, 1, 4), (12, 0, 0), (8, 0, 4), (0, 11, 1), (6, 3, 3), (6, 4, 2), (5, 6, 1), (5, 5, 2), (3, 9, 0), (4, 8, 0), (4, 7, 1), (10, 2, 0), (11, 1, 0), (6, 2, 4), (4, 6, 2), (4, 5, 3), (5, 4, 3), (3, 8, 1), (3, 7, 2), (1, 11, 0), (2, 10, 0), (2, 9, 1), (7, 2, 3), (10, 1, 1), (10, 0, 2), (8, 4, 0), (9, 3, 0), (9, 2, 1), (11, 0, 1), (3, 6, 3), (1, 10, 1), (5, 3, 4), (2, 8, 2), (0, 12, 0), (9, 0, 3), (8, 3, 1), (8, 2, 2), (6, 6, 0), (7, 5, 0), (7, 4, 1), (1, 8, 3)}
(5) 1-PS = (1, -1/4, -3/4) yields a state with 41 characters
Maximal unstable state={(8, 1, 3), (6, 5, 1), (7, 3, 2), (5, 7, 0), (9, 1, 2), (5, 1, 6), (12, 0, 0), (7, 1, 4), (8, 0, 4), (6, 4, 2), (6, 3, 3), (5, 6, 1), (5, 5, 2), (3, 9, 0), (4, 8, 0), (4, 7, 1), (7, 0, 5), (10, 2, 0), (11, 1, 0), (6, 2, 4), (4, 6, 2), (4, 5, 3), (6, 1, 5), (5, 4, 3), (3, 8, 1), (7, 2, 3), (10, 1, 1), (5, 2, 5), (10, 0, 2), (8, 4, 0), (6, 0, 6), (9, 3, 0), (9, 2, 1), (11, 0, 1), (5, 3, 4), (9, 0, 3), (8, 3, 1), (8, 2, 2), (6, 6, 0), (7, 5, 0), (7, 4, 1)}
(6) 1-PS = (1, -5/16, -11/16) yields a state with 41 characters
Maximal unstable state={(8, 1, 3), (6, 5, 1), (7, 3, 2), (5, 7, 0), (9, 1, 2), (5, 1, 6), (12, 0, 0), (7, 1, 4), (8, 0, 4), (6, 4, 2), (6, 3, 3), (5, 6, 1), (5, 5, 2), (3, 9, 0), (4, 8, 0), (4, 7, 1), (7, 0, 5), (10, 2, 0), (11, 1, 0), (6, 2, 4), (4, 6, 2), (4, 5, 3), (6, 1, 5), (5, 4, 3), (7, 2, 3), (10, 1, 1), (5, 2, 5), (10, 0, 2), (8, 4, 0), (6, 0, 6), (9, 3, 0), (9, 2, 1), (11, 0, 1), (8, 2, 2), (5, 3, 4), (9, 0, 3), (5, 0, 7), (8, 3, 1), (6, 6, 0), (7, 5, 0), (7, 4, 1)}


*************************************************************
SOLUTION TO GIT PROBLEM: STRICTLY POLYSTABLE LOCI
*************************************************************
Group: A2 RepresentationA2(12,0,0)
Set of strictly polystable states:
(1) A state with 3 characters
Strictly polystable state={(4, 4, 4), (7, 0, 5), (1, 8, 3)}
(2) A state with 1 characters
Strictly polystable state={(4, 4, 4)}
(3) A state with 9 characters
Strictly polystable state={(4, 6, 2), (4, 5, 3), (4, 3, 5), (4, 4, 4), (4, 1, 7), (4, 8, 0), (4, 7, 1), (4, 2, 6), (4, 0, 8)}
(4) A state with 4 characters
Strictly polystable state={(5, 1, 6), (2, 10, 0), (3, 7, 2), (4, 4, 4)}
(5) A state with 7 characters
Strictly polystable state={(0, 12, 0), (5, 2, 5), (6, 0, 6), (4, 4, 4), (3, 6, 3), (1, 10, 1), (2, 8, 2)}
