***************************************
SOLUTION TO GIT PROBLEM: NONSTABLE LOCI
***************************************
Group: B2 RepresentationB2(6,0)
Set of maximal non-stable states:
(1) 1-PS = (1, 1/4) yields a state with 44 characters
Maximal nonstable state={(4, 0), (3, -1), (3, -2), (3, 1), (5, -1), (5, 1), (0, 2), (1, -3), (0, 5), (2, -4), (2, 2), (1, 0), (1, 3), (-1, 4), (3, -3), (4, 2), (3, 0), (3, 3), (5, 0), (0, 1), (2, -2), (1, -4), (2, -1), (0, 4), (2, 4), (1, 2), (2, 1), (1, 5), (4, -2), (4, -1), (3, 2), (4, 1), (0, 0), (2, -3), (1, 1), (0, 3), (2, 0), (1, -1), (1, -2), (0, 6), (1, 4), (2, 3), (6, 0), (-1, 5)}
(2) 1-PS = (1, 1/3) yields a state with 44 characters
Maximal nonstable state={(4, 0), (3, -1), (3, -2), (3, 1), (5, -1), (5, 1), (0, 2), (1, -3), (0, 5), (2, -4), (2, 2), (1, 0), (1, 3), (-1, 4), (3, -3), (4, 2), (3, 0), (3, 3), (5, 0), (0, 1), (2, -2), (2, -1), (2, 4), (0, 4), (1, 2), (2, 1), (1, 5), (-1, 3), (4, -2), (4, -1), (3, 2), (4, 1), (0, 0), (2, -3), (1, 1), (0, 3), (2, 0), (1, -1), (1, -2), (0, 6), (1, 4), (2, 3), (6, 0), (-1, 5)}
(3) 1-PS = (1, 1) yields a state with 46 characters
Maximal nonstable state={(4, 0), (3, -1), (3, -2), (3, 1), (5, -1), (5, 1), (-3, 3), (0, 2), (0, 5), (2, 2), (1, 0), (1, 3), (-1, 4), (-2, 4), (-1, 1), (3, -3), (4, 2), (3, 0), (3, 3), (5, 0), (0, 1), (2, -2), (2, -1), (2, 4), (0, 4), (1, 2), (2, 1), (1, 5), (-1, 3), (-2, 3), (4, -2), (4, -1), (3, 2), (-1, 2), (4, 1), (0, 0), (1, 1), (0, 3), (2, 0), (1, -1), (1, 4), (0, 6), (2, 3), (6, 0), (-2, 2), (-1, 5)}
(4) 1-PS = (1, 1/2) yields a state with 45 characters
Maximal nonstable state={(4, 0), (3, -1), (3, -2), (3, 1), (5, -1), (5, 1), (0, 2), (0, 5), (2, -4), (2, 2), (1, 0), (1, 3), (-1, 4), (-2, 4), (3, -3), (4, 2), (3, 0), (3, 3), (5, 0), (0, 1), (2, -2), (2, -1), (2, 4), (0, 4), (1, 2), (2, 1), (1, 5), (-1, 3), (4, -2), (4, -1), (3, 2), (4, 1), (0, 0), (2, -3), (1, 1), (0, 3), (2, 0), (1, -1), (1, -2), (0, 6), (1, 4), (2, 3), (6, 0), (-1, 2), (-1, 5)}
(5) 1-PS = (1, 2/3) yields a state with 44 characters
Maximal nonstable state={(4, 0), (3, -1), (3, -2), (3, 1), (5, -1), (5, 1), (0, 2), (0, 5), (2, 2), (1, 0), (1, 3), (-1, 4), (-2, 4), (3, -3), (4, 2), (3, 0), (3, 3), (5, 0), (0, 1), (2, -2), (2, -1), (2, 4), (0, 4), (1, 2), (2, 1), (1, 5), (-1, 3), (-2, 3), (4, -2), (4, -1), (3, 2), (4, 1), (0, 0), (2, -3), (1, 1), (0, 3), (2, 0), (1, -1), (1, 4), (0, 6), (2, 3), (6, 0), (-1, 2), (-1, 5)}
(6) 1-PS = (1, 1/5) yields a state with 44 characters
Maximal nonstable state={(4, 0), (3, -1), (3, -2), (3, 1), (5, -1), (5, 1), (0, 2), (1, -3), (0, 5), (2, -4), (2, 2), (1, 0), (1, 3), (3, -3), (4, 2), (3, 0), (3, 3), (5, 0), (0, 1), (2, -2), (1, -4), (2, -1), (0, 4), (2, 4), (1, 2), (2, 1), (1, 5), (4, -2), (4, -1), (3, 2), (4, 1), (0, 0), (2, -3), (1, -5), (1, 1), (0, 3), (2, 0), (1, -1), (1, -2), (0, 6), (1, 4), (2, 3), (6, 0), (-1, 5)}
(7) 1-PS = (1, 0) yields a state with 49 characters
Maximal nonstable state={(4, 0), (3, -1), (3, -2), (3, 1), (5, -1), (5, 1), (0, -4), (0, 2), (1, -3), (0, 5), (2, -4), (2, 2), (1, 0), (1, 3), (3, -3), (4, 2), (3, 0), (3, 3), (5, 0), (0, -5), (0, -2), (0, -1), (0, 1), (2, -2), (1, -4), (2, -1), (0, 4), (2, 4), (1, 2), (2, 1), (1, 5), (4, -2), (4, -1), (3, 2), (4, 1), (0, -3), (0, -6), (0, 0), (2, -3), (1, -5), (1, 1), (0, 3), (2, 0), (1, -1), (1, -2), (0, 6), (1, 4), (2, 3), (6, 0)}


**************************************
SOLUTION TO GIT PROBLEM: UNSTABLE LOCI
**************************************
Group: B2 RepresentationB2(6,0)
Set of maximal unstable states:
(1) 1-PS = (1, 4/5) yields a state with 42 characters
Maximal unstable state={(4, 0), (3, -2), (3, -1), (3, 1), (5, -1), (5, 1), (0, 2), (0, 5), (2, 2), (1, 0), (1, 3), (-1, 4), (-2, 4), (3, -3), (4, 2), (3, 0), (3, 3), (5, 0), (0, 1), (2, -1), (2, -2), (1, 2), (0, 4), (2, 4), (2, 1), (1, 5), (-1, 3), (-2, 3), (4, -1), (4, -2), (3, 2), (4, 1), (1, 1), (0, 3), (2, 0), (1, -1), (1, 4), (0, 6), (2, 3), (6, 0), (-1, 2), (-1, 5)}
(2) 1-PS = (1, 3/5) yields a state with 42 characters
Maximal unstable state={(4, 0), (3, -2), (3, -1), (3, 1), (5, -1), (5, 1), (0, 2), (0, 5), (2, 2), (1, 0), (1, 3), (-1, 4), (-2, 4), (3, -3), (4, 2), (3, 0), (3, 3), (5, 0), (0, 1), (2, -1), (2, -2), (1, 2), (0, 4), (2, 4), (2, 1), (1, 5), (-1, 3), (4, -1), (4, -2), (3, 2), (4, 1), (2, -3), (1, 1), (0, 3), (2, 0), (1, -1), (1, 4), (0, 6), (2, 3), (6, 0), (-1, 2), (-1, 5)}
(3) 1-PS = (1, 2/7) yields a state with 42 characters
Maximal unstable state={(4, 0), (3, -2), (3, -1), (3, 1), (5, -1), (5, 1), (0, 2), (1, -3), (2, -4), (0, 5), (1, 0), (2, 2), (1, 3), (-1, 4), (3, -3), (4, 2), (3, 0), (3, 3), (5, 0), (0, 1), (2, -1), (2, -2), (1, 2), (0, 4), (2, 4), (2, 1), (1, 5), (4, -1), (4, -2), (3, 2), (4, 1), (2, -3), (1, 1), (0, 3), (2, 0), (1, -1), (1, 4), (1, -2), (0, 6), (2, 3), (6, 0), (-1, 5)}
(4) 1-PS = (1, 3/8) yields a state with 42 characters
Maximal unstable state={(4, 0), (3, -2), (3, -1), (3, 1), (5, -1), (5, 1), (0, 2), (2, -4), (0, 5), (1, 0), (2, 2), (1, 3), (-1, 4), (3, -3), (4, 2), (3, 0), (3, 3), (5, 0), (0, 1), (2, -1), (2, -2), (1, 2), (0, 4), (2, 4), (2, 1), (1, 5), (-1, 3), (4, -1), (4, -2), (3, 2), (4, 1), (2, -3), (1, 1), (0, 3), (2, 0), (1, -1), (1, 4), (1, -2), (0, 6), (2, 3), (6, 0), (-1, 5)}
(5) 1-PS = (1, 1/8) yields a state with 42 characters
Maximal unstable state={(4, 0), (3, -2), (3, -1), (3, 1), (5, -1), (5, 1), (0, 2), (1, -3), (2, -4), (0, 5), (1, 0), (2, 2), (1, 3), (3, -3), (4, 2), (3, 0), (3, 3), (5, 0), (0, 1), (2, -1), (2, -2), (1, 2), (1, -4), (0, 4), (2, 4), (1, 5), (2, 1), (4, -1), (4, -2), (3, 2), (4, 1), (2, -3), (1, -5), (1, 1), (0, 3), (2, 0), (1, -1), (1, 4), (1, -2), (0, 6), (2, 3), (6, 0)}
(6) 1-PS = (1, 2/9) yields a state with 42 characters
Maximal unstable state={(4, 0), (3, -2), (3, -1), (3, 1), (5, -1), (5, 1), (0, 2), (1, -3), (2, -4), (0, 5), (1, 0), (2, 2), (1, 3), (3, -3), (4, 2), (3, 0), (3, 3), (5, 0), (0, 1), (2, -1), (2, -2), (1, 2), (1, -4), (0, 4), (2, 4), (1, 5), (2, 1), (4, -1), (4, -2), (3, 2), (4, 1), (2, -3), (1, 1), (0, 3), (2, 0), (1, -1), (1, 4), (1, -2), (0, 6), (2, 3), (6, 0), (-1, 5)}


*************************************************************
SOLUTION TO GIT PROBLEM: STRICTLY POLYSTABLE LOCI
*************************************************************
Group: B2 RepresentationB2(6,0)
Set of strictly polystable states:
(1) A state with 3 characters
Strictly polystable state={(1, -3), (-1, 3), (0, 0)}
(2) A state with 3 characters
Strictly polystable state={(1, -4), (-1, 4), (0, 0)}
(3) A state with 5 characters
Strictly polystable state={(-2, 4), (0, 0), (2, -4), (-1, 2), (1, -2)}
(4) A state with 7 characters
Strictly polystable state={(-2, 2), (2, -2), (-3, 3), (0, 0), (-1, 1), (3, -3), (1, -1)}
(5) A state with 3 characters
Strictly polystable state={(0, 0), (1, -5), (-1, 5)}
(6) A state with 1 characters
Strictly polystable state={(0, 0)}
(7) A state with 13 characters
Strictly polystable state={(0, 1), (0, -3), (0, 4), (0, -6), (0, 0), (0, 3), (0, -2), (0, 6), (0, -4), (0, 2), (0, 5), (0, -5), (0, -1)}
(8) A state with 3 characters
Strictly polystable state={(2, -3), (-2, 3), (0, 0)}
