***************************************
SOLUTION TO GIT PROBLEM: NONSTABLE LOCI
***************************************
Group: A6 Representation A6(3,0,0,0,0,0,0)
Set of maximal non-stable states:
(1) 1-PS = (1, 3/8, 1/4, -1/8, -1/4, -1/2, -3/4) yields a state with 43 characters
Maximal nonstable state={(1, 1, 1, 0, 0, 0, 0), (1, 0, 1, 1, 0, 0, 0), (0, 1, 1, 0, 0, 1, 0), (1, 1, 0, 0, 1, 0, 0), (2, 0, 0, 0, 0, 1, 0), (1, 1, 0, 0, 0, 0, 1), (3, 0, 0, 0, 0, 0, 0), (1, 0, 0, 2, 0, 0, 0), (0, 0, 1, 2, 0, 0, 0), (0, 1, 0, 2, 0, 0, 0), (1, 0, 0, 0, 2, 0, 0), (2, 0, 0, 0, 0, 0, 1), (1, 1, 0, 0, 0, 1, 0), (1, 0, 0, 0, 1, 1, 0), (0, 3, 0, 0, 0, 0, 0), (1, 0, 0, 0, 0, 2, 0), (2, 0, 0, 1, 0, 0, 0), (0, 0, 2, 0, 1, 0, 0), (1, 2, 0, 0, 0, 0, 0), (1, 0, 1, 0, 1, 0, 0), (1, 0, 0, 1, 0, 1, 0), (1, 0, 0, 1, 1, 0, 0), (1, 0, 1, 0, 0, 0, 1), (0, 0, 2, 0, 0, 1, 0), (2, 0, 1, 0, 0, 0, 0), (1, 0, 1, 0, 0, 1, 0), (0, 0, 3, 0, 0, 0, 0), (1, 1, 0, 1, 0, 0, 0), (1, 0, 2, 0, 0, 0, 0), (2, 1, 0, 0, 0, 0, 0), (0, 2, 0, 1, 0, 0, 0), (0, 1, 1, 0, 1, 0, 0), (0, 2, 0, 0, 1, 0, 0), (0, 2, 0, 0, 0, 0, 1), (0, 1, 0, 1, 1, 0, 0), (2, 0, 0, 0, 1, 0, 0), (0, 0, 2, 1, 0, 0, 0), (0, 2, 0, 0, 0, 1, 0), (0, 2, 1, 0, 0, 0, 0), (1, 0, 0, 1, 0, 0, 1), (1, 0, 0, 0, 1, 0, 1), (0, 1, 2, 0, 0, 0, 0), (0, 1, 1, 1, 0, 0, 0)}
(2) 1-PS = (1, 1, 1, 0, 0, -1, -2) yields a state with 53 characters
Maximal nonstable state={(1, 1, 1, 0, 0, 0, 0), (1, 0, 1, 1, 0, 0, 0), (0, 1, 1, 0, 0, 1, 0), (1, 1, 0, 0, 1, 0, 0), (2, 0, 0, 0, 0, 1, 0), (1, 1, 0, 0, 0, 0, 1), (0, 1, 2, 0, 0, 0, 0), (3, 0, 0, 0, 0, 0, 0), (0, 0, 2, 0, 0, 0, 1), (1, 0, 0, 2, 0, 0, 0), (0, 0, 1, 2, 0, 0, 0), (0, 1, 0, 2, 0, 0, 0), (1, 0, 0, 0, 2, 0, 0), (2, 0, 0, 0, 0, 0, 1), (1, 1, 0, 0, 0, 1, 0), (1, 0, 0, 0, 1, 1, 0), (0, 3, 0, 0, 0, 0, 0), (2, 0, 0, 1, 0, 0, 0), (0, 0, 2, 0, 1, 0, 0), (1, 2, 0, 0, 0, 0, 0), (1, 0, 1, 0, 1, 0, 0), (1, 0, 0, 1, 0, 1, 0), (1, 0, 0, 1, 1, 0, 0), (0, 0, 0, 3, 0, 0, 0), (1, 0, 1, 0, 0, 0, 1), (0, 1, 0, 0, 1, 1, 0), (0, 0, 2, 0, 0, 1, 0), (0, 1, 0, 0, 2, 0, 0), (0, 0, 1, 0, 2, 0, 0), (2, 0, 1, 0, 0, 0, 0), (0, 1, 1, 0, 0, 0, 1), (1, 0, 1, 0, 0, 1, 0), (0, 0, 3, 0, 0, 0, 0), (1, 1, 0, 1, 0, 0, 0), (1, 0, 2, 0, 0, 0, 0), (2, 1, 0, 0, 0, 0, 0), (0, 0, 1, 0, 1, 1, 0), (0, 2, 0, 1, 0, 0, 0), (0, 1, 1, 0, 1, 0, 0), (0, 2, 0, 0, 1, 0, 0), (0, 2, 0, 0, 0, 0, 1), (0, 1, 0, 1, 1, 0, 0), (2, 0, 0, 0, 1, 0, 0), (0, 0, 1, 1, 1, 0, 0), (0, 1, 0, 1, 0, 1, 0), (0, 0, 2, 1, 0, 0, 0), (0, 2, 0, 0, 0, 1, 0), (0, 0, 0, 0, 3, 0, 0), (0, 2, 1, 0, 0, 0, 0), (0, 0, 0, 1, 2, 0, 0), (0, 0, 0, 2, 1, 0, 0), (0, 0, 1, 1, 0, 1, 0), (0, 1, 1, 1, 0, 0, 0)}
(3) 1-PS = (1, 1, 0, 0, -1/2, -1/2, -1) yields a state with 47 characters
Maximal nonstable state={(1, 1, 1, 0, 0, 0, 0), (1, 0, 1, 1, 0, 0, 0), (0, 1, 1, 0, 0, 1, 0), (1, 1, 0, 0, 1, 0, 0), (2, 0, 0, 0, 0, 1, 0), (1, 1, 0, 0, 0, 0, 1), (3, 0, 0, 0, 0, 0, 0), (0, 1, 0, 1, 0, 0, 1), (1, 0, 0, 2, 0, 0, 0), (0, 0, 1, 2, 0, 0, 0), (0, 1, 0, 2, 0, 0, 0), (1, 0, 0, 0, 2, 0, 0), (2, 0, 0, 0, 0, 0, 1), (1, 1, 0, 0, 0, 1, 0), (1, 0, 0, 0, 1, 1, 0), (0, 3, 0, 0, 0, 0, 0), (1, 0, 0, 0, 0, 2, 0), (2, 0, 0, 1, 0, 0, 0), (1, 2, 0, 0, 0, 0, 0), (1, 0, 1, 0, 1, 0, 0), (1, 0, 0, 1, 0, 1, 0), (1, 0, 0, 1, 1, 0, 0), (0, 0, 0, 3, 0, 0, 0), (1, 0, 1, 0, 0, 0, 1), (0, 1, 0, 0, 1, 1, 0), (0, 1, 0, 0, 2, 0, 0), (2, 0, 1, 0, 0, 0, 0), (0, 1, 1, 0, 0, 0, 1), (1, 0, 1, 0, 0, 1, 0), (0, 0, 3, 0, 0, 0, 0), (1, 1, 0, 1, 0, 0, 0), (1, 0, 2, 0, 0, 0, 0), (2, 1, 0, 0, 0, 0, 0), (0, 2, 0, 1, 0, 0, 0), (0, 1, 1, 0, 1, 0, 0), (0, 2, 0, 0, 1, 0, 0), (0, 2, 0, 0, 0, 0, 1), (0, 1, 0, 1, 1, 0, 0), (2, 0, 0, 0, 1, 0, 0), (0, 1, 0, 1, 0, 1, 0), (0, 0, 2, 1, 0, 0, 0), (0, 2, 0, 0, 0, 1, 0), (0, 1, 0, 0, 0, 2, 0), (0, 2, 1, 0, 0, 0, 0), (1, 0, 0, 1, 0, 0, 1), (0, 1, 2, 0, 0, 0, 0), (0, 1, 1, 1, 0, 0, 0)}
(4) 1-PS = (1, 2/3, 1/3, 0, -1/3, -2/3, -1) yields a state with 46 characters
Maximal nonstable state={(1, 1, 1, 0, 0, 0, 0), (1, 0, 1, 1, 0, 0, 0), (0, 1, 1, 0, 0, 1, 0), (1, 1, 0, 0, 1, 0, 0), (2, 0, 0, 0, 0, 1, 0), (1, 1, 0, 0, 0, 0, 1), (3, 0, 0, 0, 0, 0, 0), (1, 0, 0, 2, 0, 0, 0), (0, 0, 1, 2, 0, 0, 0), (0, 1, 0, 2, 0, 0, 0), (1, 0, 0, 0, 2, 0, 0), (2, 0, 0, 0, 0, 0, 1), (1, 1, 0, 0, 0, 1, 0), (1, 0, 0, 0, 1, 1, 0), (0, 3, 0, 0, 0, 0, 0), (2, 0, 0, 1, 0, 0, 0), (0, 0, 2, 0, 1, 0, 0), (1, 2, 0, 0, 0, 0, 0), (1, 0, 1, 0, 1, 0, 0), (1, 0, 0, 1, 0, 1, 0), (1, 0, 0, 1, 1, 0, 0), (0, 0, 0, 3, 0, 0, 0), (1, 0, 1, 0, 0, 0, 1), (0, 0, 2, 0, 0, 1, 0), (0, 1, 0, 0, 2, 0, 0), (2, 0, 1, 0, 0, 0, 0), (0, 1, 1, 0, 0, 0, 1), (1, 0, 1, 0, 0, 1, 0), (0, 0, 3, 0, 0, 0, 0), (1, 1, 0, 1, 0, 0, 0), (1, 0, 2, 0, 0, 0, 0), (2, 1, 0, 0, 0, 0, 0), (0, 2, 0, 1, 0, 0, 0), (0, 1, 1, 0, 1, 0, 0), (0, 2, 0, 0, 1, 0, 0), (0, 2, 0, 0, 0, 0, 1), (0, 1, 0, 1, 1, 0, 0), (2, 0, 0, 0, 1, 0, 0), (0, 0, 1, 1, 1, 0, 0), (0, 1, 0, 1, 0, 1, 0), (0, 0, 2, 1, 0, 0, 0), (0, 2, 0, 0, 0, 1, 0), (0, 2, 1, 0, 0, 0, 0), (1, 0, 0, 1, 0, 0, 1), (0, 1, 2, 0, 0, 0, 0), (0, 1, 1, 1, 0, 0, 0)}
(5) 1-PS = (1, 1, 0, -1/2, -1/2, -1/2, -1/2) yields a state with 50 characters
Maximal nonstable state={(1, 1, 1, 0, 0, 0, 0), (1, 0, 1, 1, 0, 0, 0), (0, 1, 1, 0, 0, 1, 0), (1, 1, 0, 0, 1, 0, 0), (2, 0, 0, 0, 0, 1, 0), (0, 1, 0, 0, 1, 0, 1), (1, 0, 0, 0, 0, 1, 1), (1, 1, 0, 0, 0, 0, 1), (3, 0, 0, 0, 0, 0, 0), (0, 1, 0, 1, 0, 0, 1), (1, 0, 0, 2, 0, 0, 0), (0, 1, 0, 2, 0, 0, 0), (1, 0, 0, 0, 2, 0, 0), (2, 0, 0, 0, 0, 0, 1), (0, 1, 0, 0, 0, 1, 1), (1, 1, 0, 0, 0, 1, 0), (1, 0, 0, 0, 1, 1, 0), (0, 3, 0, 0, 0, 0, 0), (1, 0, 0, 0, 0, 2, 0), (2, 0, 0, 1, 0, 0, 0), (1, 2, 0, 0, 0, 0, 0), (0, 1, 0, 0, 0, 0, 2), (1, 0, 0, 0, 0, 0, 2), (1, 0, 1, 0, 1, 0, 0), (1, 0, 0, 1, 0, 1, 0), (1, 0, 0, 1, 1, 0, 0), (1, 0, 1, 0, 0, 0, 1), (0, 1, 0, 0, 1, 1, 0), (0, 1, 0, 0, 2, 0, 0), (2, 0, 1, 0, 0, 0, 0), (0, 1, 1, 0, 0, 0, 1), (1, 0, 1, 0, 0, 1, 0), (0, 0, 3, 0, 0, 0, 0), (1, 1, 0, 1, 0, 0, 0), (1, 0, 2, 0, 0, 0, 0), (2, 1, 0, 0, 0, 0, 0), (0, 2, 0, 1, 0, 0, 0), (0, 1, 1, 0, 1, 0, 0), (0, 2, 0, 0, 1, 0, 0), (0, 2, 0, 0, 0, 0, 1), (0, 1, 0, 1, 1, 0, 0), (2, 0, 0, 0, 1, 0, 0), (0, 1, 0, 1, 0, 1, 0), (0, 2, 0, 0, 0, 1, 0), (0, 1, 0, 0, 0, 2, 0), (0, 2, 1, 0, 0, 0, 0), (1, 0, 0, 1, 0, 0, 1), (1, 0, 0, 0, 1, 0, 1), (0, 1, 2, 0, 0, 0, 0), (0, 1, 1, 1, 0, 0, 0)}
(6) 1-PS = (1, 2/3, 1/3, 1/3, -1/3, -2/3, -4/3) yields a state with 48 characters
Maximal nonstable state={(1, 1, 1, 0, 0, 0, 0), (1, 0, 1, 1, 0, 0, 0), (0, 1, 1, 0, 0, 1, 0), (1, 1, 0, 0, 1, 0, 0), (2, 0, 0, 0, 0, 1, 0), (1, 1, 0, 0, 0, 0, 1), (0, 0, 0, 2, 0, 1, 0), (0, 1, 2, 0, 0, 0, 0), (3, 0, 0, 0, 0, 0, 0), (1, 0, 0, 2, 0, 0, 0), (0, 0, 1, 2, 0, 0, 0), (0, 1, 0, 2, 0, 0, 0), (1, 0, 0, 0, 2, 0, 0), (2, 0, 0, 0, 0, 0, 1), (1, 1, 0, 0, 0, 1, 0), (1, 0, 0, 0, 1, 1, 0), (0, 3, 0, 0, 0, 0, 0), (2, 0, 0, 1, 0, 0, 0), (0, 0, 2, 0, 1, 0, 0), (1, 2, 0, 0, 0, 0, 0), (1, 0, 1, 0, 1, 0, 0), (1, 0, 0, 1, 0, 1, 0), (1, 0, 0, 1, 1, 0, 0), (0, 0, 0, 3, 0, 0, 0), (1, 0, 1, 0, 0, 0, 1), (0, 0, 2, 0, 0, 1, 0), (0, 1, 0, 0, 2, 0, 0), (2, 0, 1, 0, 0, 0, 0), (1, 0, 1, 0, 0, 1, 0), (0, 0, 3, 0, 0, 0, 0), (1, 1, 0, 1, 0, 0, 0), (1, 0, 2, 0, 0, 0, 0), (2, 1, 0, 0, 0, 0, 0), (0, 2, 0, 1, 0, 0, 0), (0, 1, 1, 0, 1, 0, 0), (0, 2, 0, 0, 1, 0, 0), (0, 2, 0, 0, 0, 0, 1), (0, 1, 0, 1, 1, 0, 0), (2, 0, 0, 0, 1, 0, 0), (0, 0, 1, 1, 1, 0, 0), (0, 1, 0, 1, 0, 1, 0), (0, 0, 2, 1, 0, 0, 0), (0, 2, 0, 0, 0, 1, 0), (0, 2, 1, 0, 0, 0, 0), (1, 0, 0, 1, 0, 0, 1), (0, 0, 0, 2, 1, 0, 0), (0, 0, 1, 1, 0, 1, 0), (0, 1, 1, 1, 0, 0, 0)}
(7) 1-PS = (1, 2/3, 1/3, 1/6, -1/3, -1/2, -4/3) yields a state with 47 characters
Maximal nonstable state={(1, 1, 1, 0, 0, 0, 0), (1, 0, 1, 1, 0, 0, 0), (0, 1, 1, 0, 0, 1, 0), (1, 1, 0, 0, 1, 0, 0), (2, 0, 0, 0, 0, 1, 0), (1, 1, 0, 0, 0, 0, 1), (0, 1, 2, 0, 0, 0, 0), (3, 0, 0, 0, 0, 0, 0), (1, 0, 0, 2, 0, 0, 0), (0, 0, 1, 2, 0, 0, 0), (0, 1, 0, 2, 0, 0, 0), (1, 0, 0, 0, 2, 0, 0), (2, 0, 0, 0, 0, 0, 1), (1, 1, 0, 0, 0, 1, 0), (1, 0, 0, 0, 1, 1, 0), (0, 3, 0, 0, 0, 0, 0), (1, 0, 0, 0, 0, 2, 0), (2, 0, 0, 1, 0, 0, 0), (0, 0, 2, 0, 1, 0, 0), (1, 2, 0, 0, 0, 0, 0), (1, 0, 1, 0, 1, 0, 0), (1, 0, 0, 1, 0, 1, 0), (1, 0, 0, 1, 1, 0, 0), (0, 0, 0, 3, 0, 0, 0), (1, 0, 1, 0, 0, 0, 1), (0, 0, 2, 0, 0, 1, 0), (0, 1, 0, 0, 2, 0, 0), (2, 0, 1, 0, 0, 0, 0), (1, 0, 1, 0, 0, 1, 0), (0, 0, 3, 0, 0, 0, 0), (1, 1, 0, 1, 0, 0, 0), (1, 0, 2, 0, 0, 0, 0), (2, 1, 0, 0, 0, 0, 0), (0, 2, 0, 1, 0, 0, 0), (0, 1, 1, 0, 1, 0, 0), (0, 2, 0, 0, 1, 0, 0), (0, 2, 0, 0, 0, 0, 1), (0, 1, 0, 1, 1, 0, 0), (2, 0, 0, 0, 1, 0, 0), (0, 0, 1, 1, 1, 0, 0), (0, 1, 0, 1, 0, 1, 0), (0, 0, 2, 1, 0, 0, 0), (0, 2, 0, 0, 0, 1, 0), (0, 2, 1, 0, 0, 0, 0), (0, 0, 0, 2, 1, 0, 0), (0, 0, 1, 1, 0, 1, 0), (0, 1, 1, 1, 0, 0, 0)}
(8) 1-PS = (1, 1/2, 1/2, 0, 0, -1, -1) yields a state with 51 characters
Maximal nonstable state={(1, 1, 1, 0, 0, 0, 0), (1, 0, 1, 1, 0, 0, 0), (0, 1, 1, 0, 0, 1, 0), (1, 1, 0, 0, 1, 0, 0), (2, 0, 0, 0, 0, 1, 0), (1, 1, 0, 0, 0, 0, 1), (0, 1, 2, 0, 0, 0, 0), (3, 0, 0, 0, 0, 0, 0), (0, 0, 2, 0, 0, 0, 1), (1, 0, 0, 2, 0, 0, 0), (0, 0, 1, 2, 0, 0, 0), (0, 1, 0, 2, 0, 0, 0), (1, 0, 0, 0, 2, 0, 0), (2, 0, 0, 0, 0, 0, 1), (1, 1, 0, 0, 0, 1, 0), (1, 0, 0, 0, 1, 1, 0), (0, 3, 0, 0, 0, 0, 0), (2, 0, 0, 1, 0, 0, 0), (0, 0, 2, 0, 1, 0, 0), (1, 2, 0, 0, 0, 0, 0), (1, 0, 1, 0, 1, 0, 0), (1, 0, 0, 1, 0, 1, 0), (1, 0, 0, 1, 1, 0, 0), (0, 0, 0, 3, 0, 0, 0), (1, 0, 1, 0, 0, 0, 1), (0, 0, 2, 0, 0, 1, 0), (0, 0, 1, 0, 2, 0, 0), (0, 1, 0, 0, 2, 0, 0), (2, 0, 1, 0, 0, 0, 0), (0, 1, 1, 0, 0, 0, 1), (1, 0, 1, 0, 0, 1, 0), (0, 0, 3, 0, 0, 0, 0), (1, 1, 0, 1, 0, 0, 0), (1, 0, 2, 0, 0, 0, 0), (2, 1, 0, 0, 0, 0, 0), (0, 2, 0, 1, 0, 0, 0), (0, 1, 1, 0, 1, 0, 0), (0, 2, 0, 0, 1, 0, 0), (0, 2, 0, 0, 0, 0, 1), (0, 1, 0, 1, 1, 0, 0), (2, 0, 0, 0, 1, 0, 0), (0, 0, 1, 1, 1, 0, 0), (0, 0, 2, 1, 0, 0, 0), (0, 2, 0, 0, 0, 1, 0), (0, 0, 0, 0, 3, 0, 0), (0, 2, 1, 0, 0, 0, 0), (0, 0, 0, 1, 2, 0, 0), (1, 0, 0, 1, 0, 0, 1), (1, 0, 0, 0, 1, 0, 1), (0, 0, 0, 2, 1, 0, 0), (0, 1, 1, 1, 0, 0, 0)}
(9) 1-PS = (1, 0, 0, 0, 0, 0, -1) yields a state with 62 characters
Maximal nonstable state={(1, 1, 1, 0, 0, 0, 0), (0, 0, 0, 0, 2, 1, 0), (1, 0, 1, 1, 0, 0, 0), (0, 1, 1, 0, 0, 1, 0), (1, 1, 0, 0, 1, 0, 0), (2, 0, 0, 0, 0, 1, 0), (1, 0, 0, 0, 0, 1, 1), (1, 1, 0, 0, 0, 0, 1), (0, 0, 0, 2, 0, 1, 0), (0, 1, 2, 0, 0, 0, 0), (3, 0, 0, 0, 0, 0, 0), (1, 0, 0, 2, 0, 0, 0), (0, 0, 0, 1, 0, 2, 0), (0, 0, 0, 0, 1, 2, 0), (0, 0, 1, 2, 0, 0, 0), (0, 1, 0, 2, 0, 0, 0), (1, 0, 0, 0, 2, 0, 0), (2, 0, 0, 0, 0, 0, 1), (0, 0, 0, 0, 0, 3, 0), (1, 1, 0, 0, 0, 1, 0), (1, 0, 0, 0, 1, 1, 0), (0, 3, 0, 0, 0, 0, 0), (1, 0, 0, 0, 0, 2, 0), (2, 0, 0, 1, 0, 0, 0), (0, 0, 2, 0, 1, 0, 0), (1, 2, 0, 0, 0, 0, 0), (1, 0, 1, 0, 1, 0, 0), (1, 0, 0, 1, 0, 1, 0), (1, 0, 0, 1, 1, 0, 0), (0, 0, 0, 3, 0, 0, 0), (1, 0, 1, 0, 0, 0, 1), (0, 1, 0, 0, 1, 1, 0), (0, 0, 2, 0, 0, 1, 0), (0, 1, 0, 0, 2, 0, 0), (0, 0, 1, 0, 2, 0, 0), (2, 0, 1, 0, 0, 0, 0), (1, 0, 1, 0, 0, 1, 0), (0, 0, 3, 0, 0, 0, 0), (1, 1, 0, 1, 0, 0, 0), (1, 0, 2, 0, 0, 0, 0), (2, 1, 0, 0, 0, 0, 0), (0, 0, 1, 0, 1, 1, 0), (0, 2, 0, 1, 0, 0, 0), (0, 1, 1, 0, 1, 0, 0), (0, 2, 0, 0, 1, 0, 0), (2, 0, 0, 0, 1, 0, 0), (0, 1, 0, 1, 1, 0, 0), (0, 0, 1, 1, 1, 0, 0), (0, 1, 0, 1, 0, 1, 0), (0, 0, 2, 1, 0, 0, 0), (0, 0, 1, 0, 0, 2, 0), (0, 2, 0, 0, 0, 1, 0), (0, 1, 0, 0, 0, 2, 0), (0, 0, 0, 1, 1, 1, 0), (0, 0, 0, 0, 3, 0, 0), (0, 2, 1, 0, 0, 0, 0), (0, 0, 0, 1, 2, 0, 0), (1, 0, 0, 1, 0, 0, 1), (1, 0, 0, 0, 1, 0, 1), (0, 0, 0, 2, 1, 0, 0), (0, 0, 1, 1, 0, 1, 0), (0, 1, 1, 1, 0, 0, 0)}
(10) 1-PS = (1, 1, 1, 0, -1/2, -1/2, -2) yields a state with 53 characters
Maximal nonstable state={(1, 1, 1, 0, 0, 0, 0), (1, 0, 1, 1, 0, 0, 0), (0, 1, 1, 0, 0, 1, 0), (1, 1, 0, 0, 1, 0, 0), (2, 0, 0, 0, 0, 1, 0), (1, 1, 0, 0, 0, 0, 1), (3, 0, 0, 0, 0, 0, 0), (0, 0, 2, 0, 0, 0, 1), (1, 0, 0, 2, 0, 0, 0), (0, 0, 1, 2, 0, 0, 0), (0, 1, 0, 2, 0, 0, 0), (1, 0, 0, 0, 2, 0, 0), (2, 0, 0, 0, 0, 0, 1), (1, 1, 0, 0, 0, 1, 0), (1, 0, 0, 0, 1, 1, 0), (0, 3, 0, 0, 0, 0, 0), (1, 0, 0, 0, 0, 2, 0), (2, 0, 0, 1, 0, 0, 0), (0, 0, 2, 0, 1, 0, 0), (1, 2, 0, 0, 0, 0, 0), (1, 0, 1, 0, 1, 0, 0), (1, 0, 0, 1, 0, 1, 0), (1, 0, 0, 1, 1, 0, 0), (0, 0, 0, 3, 0, 0, 0), (1, 0, 1, 0, 0, 0, 1), (0, 1, 0, 0, 1, 1, 0), (0, 0, 2, 0, 0, 1, 0), (0, 1, 0, 0, 2, 0, 0), (0, 0, 1, 0, 2, 0, 0), (2, 0, 1, 0, 0, 0, 0), (0, 1, 1, 0, 0, 0, 1), (1, 0, 1, 0, 0, 1, 0), (0, 0, 3, 0, 0, 0, 0), (1, 1, 0, 1, 0, 0, 0), (1, 0, 2, 0, 0, 0, 0), (2, 1, 0, 0, 0, 0, 0), (0, 0, 1, 0, 1, 1, 0), (0, 2, 0, 1, 0, 0, 0), (0, 1, 1, 0, 1, 0, 0), (0, 2, 0, 0, 1, 0, 0), (0, 2, 0, 0, 0, 0, 1), (0, 1, 0, 1, 1, 0, 0), (2, 0, 0, 0, 1, 0, 0), (0, 0, 1, 1, 1, 0, 0), (0, 1, 0, 1, 0, 1, 0), (0, 0, 2, 1, 0, 0, 0), (0, 0, 1, 0, 0, 2, 0), (0, 2, 0, 0, 0, 1, 0), (0, 1, 0, 0, 0, 2, 0), (0, 2, 1, 0, 0, 0, 0), (0, 1, 2, 0, 0, 0, 0), (0, 0, 1, 1, 0, 1, 0), (0, 1, 1, 1, 0, 0, 0)}
(11) 1-PS = (1, 1/4, 1/4, 0, -1/2, -1/2, -1/2) yields a state with 47 characters
Maximal nonstable state={(1, 1, 1, 0, 0, 0, 0), (1, 0, 1, 1, 0, 0, 0), (0, 1, 1, 0, 0, 1, 0), (1, 1, 0, 0, 1, 0, 0), (2, 0, 0, 0, 0, 1, 0), (1, 0, 0, 0, 0, 1, 1), (1, 1, 0, 0, 0, 0, 1), (3, 0, 0, 0, 0, 0, 0), (0, 0, 2, 0, 0, 0, 1), (1, 0, 0, 2, 0, 0, 0), (0, 0, 1, 2, 0, 0, 0), (0, 1, 0, 2, 0, 0, 0), (1, 0, 0, 0, 2, 0, 0), (2, 0, 0, 0, 0, 0, 1), (1, 1, 0, 0, 0, 1, 0), (1, 0, 0, 0, 1, 1, 0), (0, 3, 0, 0, 0, 0, 0), (1, 0, 0, 0, 0, 2, 0), (2, 0, 0, 1, 0, 0, 0), (0, 0, 2, 0, 1, 0, 0), (1, 0, 0, 0, 0, 0, 2), (1, 2, 0, 0, 0, 0, 0), (1, 0, 1, 0, 1, 0, 0), (1, 0, 0, 1, 0, 1, 0), (1, 0, 0, 1, 1, 0, 0), (0, 0, 0, 3, 0, 0, 0), (1, 0, 1, 0, 0, 0, 1), (0, 0, 2, 0, 0, 1, 0), (2, 0, 1, 0, 0, 0, 0), (0, 1, 1, 0, 0, 0, 1), (1, 0, 1, 0, 0, 1, 0), (0, 0, 3, 0, 0, 0, 0), (1, 1, 0, 1, 0, 0, 0), (1, 0, 2, 0, 0, 0, 0), (2, 1, 0, 0, 0, 0, 0), (0, 2, 0, 1, 0, 0, 0), (0, 1, 1, 0, 1, 0, 0), (0, 2, 0, 0, 1, 0, 0), (0, 2, 0, 0, 0, 0, 1), (2, 0, 0, 0, 1, 0, 0), (0, 0, 2, 1, 0, 0, 0), (0, 2, 0, 0, 0, 1, 0), (0, 2, 1, 0, 0, 0, 0), (1, 0, 0, 1, 0, 0, 1), (1, 0, 0, 0, 1, 0, 1), (0, 1, 2, 0, 0, 0, 0), (0, 1, 1, 1, 0, 0, 0)}
(12) 1-PS = (1, 1, 1, 1, 0, -2, -2) yields a state with 55 characters
Maximal nonstable state={(1, 1, 1, 0, 0, 0, 0), (1, 0, 1, 1, 0, 0, 0), (0, 1, 1, 0, 0, 1, 0), (1, 1, 0, 0, 1, 0, 0), (2, 0, 0, 0, 0, 1, 0), (1, 1, 0, 0, 0, 0, 1), (0, 0, 0, 2, 0, 1, 0), (0, 1, 2, 0, 0, 0, 0), (3, 0, 0, 0, 0, 0, 0), (0, 0, 2, 0, 0, 0, 1), (0, 1, 0, 1, 0, 0, 1), (1, 0, 0, 2, 0, 0, 0), (0, 0, 1, 2, 0, 0, 0), (0, 1, 0, 2, 0, 0, 0), (1, 0, 0, 0, 2, 0, 0), (2, 0, 0, 0, 0, 0, 1), (1, 1, 0, 0, 0, 1, 0), (0, 3, 0, 0, 0, 0, 0), (0, 0, 1, 1, 0, 0, 1), (2, 0, 0, 1, 0, 0, 0), (0, 0, 2, 0, 1, 0, 0), (1, 2, 0, 0, 0, 0, 0), (1, 0, 1, 0, 1, 0, 0), (1, 0, 0, 1, 0, 1, 0), (1, 0, 0, 1, 1, 0, 0), (0, 0, 0, 3, 0, 0, 0), (1, 0, 1, 0, 0, 0, 1), (0, 0, 2, 0, 0, 1, 0), (0, 0, 1, 0, 2, 0, 0), (0, 1, 0, 0, 2, 0, 0), (2, 0, 1, 0, 0, 0, 0), (0, 1, 1, 0, 0, 0, 1), (1, 0, 1, 0, 0, 1, 0), (0, 0, 3, 0, 0, 0, 0), (1, 1, 0, 1, 0, 0, 0), (1, 0, 2, 0, 0, 0, 0), (2, 1, 0, 0, 0, 0, 0), (0, 2, 0, 1, 0, 0, 0), (0, 1, 1, 0, 1, 0, 0), (0, 2, 0, 0, 1, 0, 0), (0, 2, 0, 0, 0, 0, 1), (0, 1, 0, 1, 1, 0, 0), (2, 0, 0, 0, 1, 0, 0), (0, 0, 1, 1, 1, 0, 0), (0, 1, 0, 1, 0, 1, 0), (0, 0, 2, 1, 0, 0, 0), (0, 2, 0, 0, 0, 1, 0), (0, 0, 0, 0, 3, 0, 0), (0, 2, 1, 0, 0, 0, 0), (0, 0, 0, 2, 0, 0, 1), (0, 0, 0, 1, 2, 0, 0), (1, 0, 0, 1, 0, 0, 1), (0, 0, 0, 2, 1, 0, 0), (0, 0, 1, 1, 0, 1, 0), (0, 1, 1, 1, 0, 0, 0)}
(13) 1-PS = (1, 3/5, 2/5, 1/5, -1/5, -4/5, -6/5) yields a state with 47 characters
Maximal nonstable state={(1, 1, 1, 0, 0, 0, 0), (1, 0, 1, 1, 0, 0, 0), (0, 1, 1, 0, 0, 1, 0), (1, 1, 0, 0, 1, 0, 0), (2, 0, 0, 0, 0, 1, 0), (1, 1, 0, 0, 0, 0, 1), (0, 1, 2, 0, 0, 0, 0), (3, 0, 0, 0, 0, 0, 0), (1, 0, 0, 2, 0, 0, 0), (0, 0, 1, 2, 0, 0, 0), (0, 1, 0, 2, 0, 0, 0), (1, 0, 0, 0, 2, 0, 0), (2, 0, 0, 0, 0, 0, 1), (1, 1, 0, 0, 0, 1, 0), (1, 0, 0, 0, 1, 1, 0), (0, 3, 0, 0, 0, 0, 0), (2, 0, 0, 1, 0, 0, 0), (0, 0, 2, 0, 1, 0, 0), (1, 2, 0, 0, 0, 0, 0), (1, 0, 1, 0, 1, 0, 0), (1, 0, 0, 1, 0, 1, 0), (1, 0, 0, 1, 1, 0, 0), (0, 0, 0, 3, 0, 0, 0), (1, 0, 1, 0, 0, 0, 1), (0, 0, 2, 0, 0, 1, 0), (0, 0, 1, 0, 2, 0, 0), (0, 1, 0, 0, 2, 0, 0), (2, 0, 1, 0, 0, 0, 0), (1, 0, 1, 0, 0, 1, 0), (0, 0, 3, 0, 0, 0, 0), (1, 1, 0, 1, 0, 0, 0), (1, 0, 2, 0, 0, 0, 0), (2, 1, 0, 0, 0, 0, 0), (0, 2, 0, 1, 0, 0, 0), (0, 1, 1, 0, 1, 0, 0), (0, 2, 0, 0, 1, 0, 0), (0, 2, 0, 0, 0, 0, 1), (0, 1, 0, 1, 1, 0, 0), (2, 0, 0, 0, 1, 0, 0), (0, 0, 1, 1, 1, 0, 0), (0, 1, 0, 1, 0, 1, 0), (0, 0, 2, 1, 0, 0, 0), (0, 2, 0, 0, 0, 1, 0), (0, 2, 1, 0, 0, 0, 0), (1, 0, 0, 1, 0, 0, 1), (0, 0, 0, 2, 1, 0, 0), (0, 1, 1, 1, 0, 0, 0)}
(14) 1-PS = (1, 1, 0, 0, 0, -1, -1) yields a state with 53 characters
Maximal nonstable state={(1, 1, 1, 0, 0, 0, 0), (1, 0, 1, 1, 0, 0, 0), (0, 1, 1, 0, 0, 1, 0), (1, 1, 0, 0, 1, 0, 0), (2, 0, 0, 0, 0, 1, 0), (0, 1, 0, 0, 1, 0, 1), (1, 1, 0, 0, 0, 0, 1), (0, 1, 2, 0, 0, 0, 0), (3, 0, 0, 0, 0, 0, 0), (0, 1, 0, 1, 0, 0, 1), (1, 0, 0, 2, 0, 0, 0), (0, 0, 1, 2, 0, 0, 0), (0, 1, 0, 2, 0, 0, 0), (1, 0, 0, 0, 2, 0, 0), (2, 0, 0, 0, 0, 0, 1), (1, 1, 0, 0, 0, 1, 0), (1, 0, 0, 0, 1, 1, 0), (0, 3, 0, 0, 0, 0, 0), (2, 0, 0, 1, 0, 0, 0), (0, 0, 2, 0, 1, 0, 0), (1, 2, 0, 0, 0, 0, 0), (1, 0, 1, 0, 1, 0, 0), (1, 0, 0, 1, 0, 1, 0), (1, 0, 0, 1, 1, 0, 0), (0, 0, 0, 3, 0, 0, 0), (1, 0, 1, 0, 0, 0, 1), (0, 1, 0, 0, 1, 1, 0), (0, 0, 1, 0, 2, 0, 0), (0, 1, 0, 0, 2, 0, 0), (2, 0, 1, 0, 0, 0, 0), (0, 1, 1, 0, 0, 0, 1), (1, 0, 1, 0, 0, 1, 0), (0, 0, 3, 0, 0, 0, 0), (1, 1, 0, 1, 0, 0, 0), (1, 0, 2, 0, 0, 0, 0), (2, 1, 0, 0, 0, 0, 0), (0, 2, 0, 1, 0, 0, 0), (0, 1, 1, 0, 1, 0, 0), (0, 2, 0, 0, 1, 0, 0), (0, 2, 0, 0, 0, 0, 1), (0, 1, 0, 1, 1, 0, 0), (2, 0, 0, 0, 1, 0, 0), (0, 0, 1, 1, 1, 0, 0), (0, 1, 0, 1, 0, 1, 0), (0, 0, 2, 1, 0, 0, 0), (0, 2, 0, 0, 0, 1, 0), (0, 0, 0, 0, 3, 0, 0), (0, 2, 1, 0, 0, 0, 0), (0, 0, 0, 1, 2, 0, 0), (1, 0, 0, 1, 0, 0, 1), (1, 0, 0, 0, 1, 0, 1), (0, 0, 0, 2, 1, 0, 0), (0, 1, 1, 1, 0, 0, 0)}
(15) 1-PS = (1, 1/2, 0, 0, 0, -1/2, -1) yields a state with 51 characters
Maximal nonstable state={(1, 1, 1, 0, 0, 0, 0), (1, 0, 1, 1, 0, 0, 0), (0, 1, 1, 0, 0, 1, 0), (1, 1, 0, 0, 1, 0, 0), (2, 0, 0, 0, 0, 1, 0), (1, 1, 0, 0, 0, 0, 1), (0, 1, 2, 0, 0, 0, 0), (3, 0, 0, 0, 0, 0, 0), (1, 0, 0, 2, 0, 0, 0), (0, 0, 1, 2, 0, 0, 0), (0, 1, 0, 2, 0, 0, 0), (1, 0, 0, 0, 2, 0, 0), (2, 0, 0, 0, 0, 0, 1), (1, 1, 0, 0, 0, 1, 0), (1, 0, 0, 0, 1, 1, 0), (0, 3, 0, 0, 0, 0, 0), (1, 0, 0, 0, 0, 2, 0), (2, 0, 0, 1, 0, 0, 0), (0, 0, 2, 0, 1, 0, 0), (1, 2, 0, 0, 0, 0, 0), (1, 0, 1, 0, 1, 0, 0), (1, 0, 0, 1, 0, 1, 0), (1, 0, 0, 1, 1, 0, 0), (0, 0, 0, 3, 0, 0, 0), (1, 0, 1, 0, 0, 0, 1), (0, 1, 0, 0, 1, 1, 0), (0, 0, 1, 0, 2, 0, 0), (0, 1, 0, 0, 2, 0, 0), (2, 0, 1, 0, 0, 0, 0), (1, 0, 1, 0, 0, 1, 0), (0, 0, 3, 0, 0, 0, 0), (1, 1, 0, 1, 0, 0, 0), (1, 0, 2, 0, 0, 0, 0), (2, 1, 0, 0, 0, 0, 0), (0, 2, 0, 1, 0, 0, 0), (0, 1, 1, 0, 1, 0, 0), (0, 2, 0, 0, 1, 0, 0), (0, 2, 0, 0, 0, 0, 1), (0, 1, 0, 1, 1, 0, 0), (2, 0, 0, 0, 1, 0, 0), (0, 0, 1, 1, 1, 0, 0), (0, 1, 0, 1, 0, 1, 0), (0, 0, 2, 1, 0, 0, 0), (0, 2, 0, 0, 0, 1, 0), (0, 0, 0, 0, 3, 0, 0), (0, 2, 1, 0, 0, 0, 0), (0, 0, 0, 1, 2, 0, 0), (1, 0, 0, 1, 0, 0, 1), (1, 0, 0, 0, 1, 0, 1), (0, 0, 0, 2, 1, 0, 0), (0, 1, 1, 1, 0, 0, 0)}
(16) 1-PS = (1, 2/3, 1/6, -1/6, -1/3, -1/2, -5/6) yields a state with 43 characters
Maximal nonstable state={(1, 1, 1, 0, 0, 0, 0), (1, 0, 1, 1, 0, 0, 0), (0, 1, 1, 0, 0, 1, 0), (1, 1, 0, 0, 1, 0, 0), (2, 0, 0, 0, 0, 1, 0), (1, 1, 0, 0, 0, 0, 1), (3, 0, 0, 0, 0, 0, 0), (1, 0, 0, 2, 0, 0, 0), (0, 1, 0, 2, 0, 0, 0), (1, 0, 0, 0, 2, 0, 0), (2, 0, 0, 0, 0, 0, 1), (1, 1, 0, 0, 0, 1, 0), (1, 0, 0, 0, 1, 1, 0), (0, 3, 0, 0, 0, 0, 0), (1, 0, 0, 0, 0, 2, 0), (2, 0, 0, 1, 0, 0, 0), (0, 0, 2, 0, 1, 0, 0), (1, 2, 0, 0, 0, 0, 0), (1, 0, 1, 0, 1, 0, 0), (1, 0, 0, 1, 0, 1, 0), (1, 0, 0, 1, 1, 0, 0), (1, 0, 1, 0, 0, 0, 1), (0, 1, 0, 0, 2, 0, 0), (2, 0, 1, 0, 0, 0, 0), (0, 1, 1, 0, 0, 0, 1), (1, 0, 1, 0, 0, 1, 0), (0, 0, 3, 0, 0, 0, 0), (1, 1, 0, 1, 0, 0, 0), (1, 0, 2, 0, 0, 0, 0), (2, 1, 0, 0, 0, 0, 0), (0, 2, 0, 1, 0, 0, 0), (0, 1, 1, 0, 1, 0, 0), (0, 2, 0, 0, 1, 0, 0), (0, 2, 0, 0, 0, 0, 1), (0, 1, 0, 1, 1, 0, 0), (2, 0, 0, 0, 1, 0, 0), (0, 1, 0, 1, 0, 1, 0), (0, 0, 2, 1, 0, 0, 0), (0, 2, 0, 0, 0, 1, 0), (0, 2, 1, 0, 0, 0, 0), (1, 0, 0, 1, 0, 0, 1), (0, 1, 2, 0, 0, 0, 0), (0, 1, 1, 1, 0, 0, 0)}
(17) 1-PS = (1, 1/2, 0, 0, -1/2, -1/2, -1/2) yields a state with 47 characters
Maximal nonstable state={(1, 1, 1, 0, 0, 0, 0), (1, 0, 1, 1, 0, 0, 0), (0, 1, 1, 0, 0, 1, 0), (1, 1, 0, 0, 1, 0, 0), (2, 0, 0, 0, 0, 1, 0), (1, 0, 0, 0, 0, 1, 1), (1, 1, 0, 0, 0, 0, 1), (3, 0, 0, 0, 0, 0, 0), (0, 1, 0, 1, 0, 0, 1), (1, 0, 0, 2, 0, 0, 0), (0, 0, 1, 2, 0, 0, 0), (0, 1, 0, 2, 0, 0, 0), (1, 0, 0, 0, 2, 0, 0), (2, 0, 0, 0, 0, 0, 1), (1, 1, 0, 0, 0, 1, 0), (1, 0, 0, 0, 1, 1, 0), (0, 3, 0, 0, 0, 0, 0), (1, 0, 0, 0, 0, 2, 0), (2, 0, 0, 1, 0, 0, 0), (1, 2, 0, 0, 0, 0, 0), (1, 0, 0, 0, 0, 0, 2), (1, 0, 1, 0, 1, 0, 0), (1, 0, 0, 1, 0, 1, 0), (1, 0, 0, 1, 1, 0, 0), (0, 0, 0, 3, 0, 0, 0), (1, 0, 1, 0, 0, 0, 1), (2, 0, 1, 0, 0, 0, 0), (0, 1, 1, 0, 0, 0, 1), (1, 0, 1, 0, 0, 1, 0), (0, 0, 3, 0, 0, 0, 0), (1, 1, 0, 1, 0, 0, 0), (1, 0, 2, 0, 0, 0, 0), (2, 1, 0, 0, 0, 0, 0), (0, 2, 0, 1, 0, 0, 0), (0, 1, 1, 0, 1, 0, 0), (0, 2, 0, 0, 1, 0, 0), (0, 2, 0, 0, 0, 0, 1), (0, 1, 0, 1, 1, 0, 0), (2, 0, 0, 0, 1, 0, 0), (0, 1, 0, 1, 0, 1, 0), (0, 0, 2, 1, 0, 0, 0), (0, 2, 0, 0, 0, 1, 0), (0, 2, 1, 0, 0, 0, 0), (1, 0, 0, 1, 0, 0, 1), (1, 0, 0, 0, 1, 0, 1), (0, 1, 2, 0, 0, 0, 0), (0, 1, 1, 1, 0, 0, 0)}
(18) 1-PS = (1, 1, 0, 0, 0, 0, -2) yields a state with 59 characters
Maximal nonstable state={(1, 1, 1, 0, 0, 0, 0), (0, 0, 0, 0, 2, 1, 0), (1, 0, 1, 1, 0, 0, 0), (0, 1, 1, 0, 0, 1, 0), (1, 1, 0, 0, 1, 0, 0), (2, 0, 0, 0, 0, 1, 0), (1, 1, 0, 0, 0, 0, 1), (0, 0, 0, 2, 0, 1, 0), (0, 1, 2, 0, 0, 0, 0), (3, 0, 0, 0, 0, 0, 0), (1, 0, 0, 2, 0, 0, 0), (0, 0, 0, 1, 0, 2, 0), (0, 0, 0, 0, 1, 2, 0), (0, 0, 1, 2, 0, 0, 0), (0, 1, 0, 2, 0, 0, 0), (1, 0, 0, 0, 2, 0, 0), (2, 0, 0, 0, 0, 0, 1), (0, 0, 0, 0, 0, 3, 0), (1, 1, 0, 0, 0, 1, 0), (1, 0, 0, 0, 1, 1, 0), (0, 3, 0, 0, 0, 0, 0), (1, 0, 0, 0, 0, 2, 0), (2, 0, 0, 1, 0, 0, 0), (0, 0, 2, 0, 1, 0, 0), (1, 2, 0, 0, 0, 0, 0), (1, 0, 1, 0, 1, 0, 0), (1, 0, 0, 1, 0, 1, 0), (1, 0, 0, 1, 1, 0, 0), (0, 0, 0, 3, 0, 0, 0), (0, 1, 0, 0, 1, 1, 0), (0, 0, 2, 0, 0, 1, 0), (0, 1, 0, 0, 2, 0, 0), (0, 0, 1, 0, 2, 0, 0), (2, 0, 1, 0, 0, 0, 0), (1, 0, 1, 0, 0, 1, 0), (0, 0, 3, 0, 0, 0, 0), (1, 1, 0, 1, 0, 0, 0), (1, 0, 2, 0, 0, 0, 0), (2, 1, 0, 0, 0, 0, 0), (0, 0, 1, 0, 1, 1, 0), (0, 2, 0, 1, 0, 0, 0), (0, 1, 1, 0, 1, 0, 0), (0, 2, 0, 0, 1, 0, 0), (0, 2, 0, 0, 0, 0, 1), (0, 1, 0, 1, 1, 0, 0), (2, 0, 0, 0, 1, 0, 0), (0, 0, 1, 1, 1, 0, 0), (0, 1, 0, 1, 0, 1, 0), (0, 0, 2, 1, 0, 0, 0), (0, 0, 1, 0, 0, 2, 0), (0, 2, 0, 0, 0, 1, 0), (0, 1, 0, 0, 0, 2, 0), (0, 0, 0, 1, 1, 1, 0), (0, 0, 0, 0, 3, 0, 0), (0, 2, 1, 0, 0, 0, 0), (0, 0, 0, 1, 2, 0, 0), (0, 0, 0, 2, 1, 0, 0), (0, 0, 1, 1, 0, 1, 0), (0, 1, 1, 1, 0, 0, 0)}
(19) 1-PS = (1, 1/2, 1/4, 0, -1/4, -1/2, -1) yields a state with 46 characters
Maximal nonstable state={(1, 1, 1, 0, 0, 0, 0), (1, 0, 1, 1, 0, 0, 0), (0, 1, 1, 0, 0, 1, 0), (1, 1, 0, 0, 1, 0, 0), (2, 0, 0, 0, 0, 1, 0), (1, 1, 0, 0, 0, 0, 1), (3, 0, 0, 0, 0, 0, 0), (1, 0, 0, 2, 0, 0, 0), (0, 0, 1, 2, 0, 0, 0), (0, 1, 0, 2, 0, 0, 0), (1, 0, 0, 0, 2, 0, 0), (2, 0, 0, 0, 0, 0, 1), (1, 1, 0, 0, 0, 1, 0), (1, 0, 0, 0, 1, 1, 0), (0, 3, 0, 0, 0, 0, 0), (1, 0, 0, 0, 0, 2, 0), (2, 0, 0, 1, 0, 0, 0), (0, 0, 2, 0, 1, 0, 0), (1, 2, 0, 0, 0, 0, 0), (1, 0, 1, 0, 1, 0, 0), (1, 0, 0, 1, 0, 1, 0), (1, 0, 0, 1, 1, 0, 0), (0, 0, 0, 3, 0, 0, 0), (1, 0, 1, 0, 0, 0, 1), (0, 0, 2, 0, 0, 1, 0), (0, 1, 0, 0, 2, 0, 0), (2, 0, 1, 0, 0, 0, 0), (1, 0, 1, 0, 0, 1, 0), (0, 0, 3, 0, 0, 0, 0), (1, 1, 0, 1, 0, 0, 0), (1, 0, 2, 0, 0, 0, 0), (2, 1, 0, 0, 0, 0, 0), (0, 2, 0, 1, 0, 0, 0), (0, 1, 1, 0, 1, 0, 0), (0, 2, 0, 0, 1, 0, 0), (0, 2, 0, 0, 0, 0, 1), (0, 1, 0, 1, 1, 0, 0), (2, 0, 0, 0, 1, 0, 0), (0, 0, 1, 1, 1, 0, 0), (0, 1, 0, 1, 0, 1, 0), (0, 0, 2, 1, 0, 0, 0), (0, 2, 0, 0, 0, 1, 0), (0, 2, 1, 0, 0, 0, 0), (1, 0, 0, 1, 0, 0, 1), (0, 1, 2, 0, 0, 0, 0), (0, 1, 1, 1, 0, 0, 0)}
(20) 1-PS = (1, 1/2, 1/4, -1/4, -1/4, -1/2, -3/4) yields a state with 44 characters
Maximal nonstable state={(1, 1, 1, 0, 0, 0, 0), (1, 0, 1, 1, 0, 0, 0), (0, 1, 1, 0, 0, 1, 0), (1, 1, 0, 0, 1, 0, 0), (2, 0, 0, 0, 0, 1, 0), (1, 1, 0, 0, 0, 0, 1), (3, 0, 0, 0, 0, 0, 0), (1, 0, 0, 2, 0, 0, 0), (0, 1, 0, 2, 0, 0, 0), (1, 0, 0, 0, 2, 0, 0), (2, 0, 0, 0, 0, 0, 1), (1, 1, 0, 0, 0, 1, 0), (1, 0, 0, 0, 1, 1, 0), (0, 3, 0, 0, 0, 0, 0), (1, 0, 0, 0, 0, 2, 0), (2, 0, 0, 1, 0, 0, 0), (0, 0, 2, 0, 1, 0, 0), (1, 2, 0, 0, 0, 0, 0), (1, 0, 1, 0, 1, 0, 0), (1, 0, 0, 1, 0, 1, 0), (1, 0, 0, 1, 1, 0, 0), (1, 0, 1, 0, 0, 0, 1), (0, 0, 2, 0, 0, 1, 0), (0, 1, 0, 0, 2, 0, 0), (2, 0, 1, 0, 0, 0, 0), (0, 1, 1, 0, 0, 0, 1), (1, 0, 1, 0, 0, 1, 0), (0, 0, 3, 0, 0, 0, 0), (1, 1, 0, 1, 0, 0, 0), (1, 0, 2, 0, 0, 0, 0), (2, 1, 0, 0, 0, 0, 0), (0, 2, 0, 1, 0, 0, 0), (0, 1, 1, 0, 1, 0, 0), (0, 2, 0, 0, 1, 0, 0), (0, 2, 0, 0, 0, 0, 1), (0, 1, 0, 1, 1, 0, 0), (2, 0, 0, 0, 1, 0, 0), (0, 0, 2, 1, 0, 0, 0), (0, 2, 0, 0, 0, 1, 0), (0, 2, 1, 0, 0, 0, 0), (1, 0, 0, 1, 0, 0, 1), (1, 0, 0, 0, 1, 0, 1), (0, 1, 2, 0, 0, 0, 0), (0, 1, 1, 1, 0, 0, 0)}
(21) 1-PS = (1, 0, 0, 0, 0, -1/2, -1/2) yields a state with 48 characters
Maximal nonstable state={(1, 1, 1, 0, 0, 0, 0), (1, 0, 1, 1, 0, 0, 0), (1, 1, 0, 0, 1, 0, 0), (2, 0, 0, 0, 0, 1, 0), (1, 0, 0, 0, 0, 1, 1), (1, 1, 0, 0, 0, 0, 1), (0, 1, 2, 0, 0, 0, 0), (3, 0, 0, 0, 0, 0, 0), (1, 0, 0, 2, 0, 0, 0), (0, 0, 1, 2, 0, 0, 0), (0, 1, 0, 2, 0, 0, 0), (1, 0, 0, 0, 2, 0, 0), (2, 0, 0, 0, 0, 0, 1), (1, 1, 0, 0, 0, 1, 0), (1, 0, 0, 0, 1, 1, 0), (0, 3, 0, 0, 0, 0, 0), (1, 0, 0, 0, 0, 2, 0), (2, 0, 0, 1, 0, 0, 0), (0, 0, 2, 0, 1, 0, 0), (1, 0, 0, 0, 0, 0, 2), (1, 2, 0, 0, 0, 0, 0), (1, 0, 1, 0, 1, 0, 0), (1, 0, 0, 1, 0, 1, 0), (1, 0, 0, 1, 1, 0, 0), (0, 0, 0, 3, 0, 0, 0), (1, 0, 1, 0, 0, 0, 1), (0, 0, 1, 0, 2, 0, 0), (0, 1, 0, 0, 2, 0, 0), (2, 0, 1, 0, 0, 0, 0), (1, 0, 1, 0, 0, 1, 0), (0, 0, 3, 0, 0, 0, 0), (1, 1, 0, 1, 0, 0, 0), (1, 0, 2, 0, 0, 0, 0), (2, 1, 0, 0, 0, 0, 0), (0, 2, 0, 1, 0, 0, 0), (0, 1, 1, 0, 1, 0, 0), (0, 2, 0, 0, 1, 0, 0), (2, 0, 0, 0, 1, 0, 0), (0, 1, 0, 1, 1, 0, 0), (0, 0, 1, 1, 1, 0, 0), (0, 0, 2, 1, 0, 0, 0), (0, 0, 0, 0, 3, 0, 0), (0, 2, 1, 0, 0, 0, 0), (0, 0, 0, 1, 2, 0, 0), (1, 0, 0, 1, 0, 0, 1), (1, 0, 0, 0, 1, 0, 1), (0, 0, 0, 2, 1, 0, 0), (0, 1, 1, 1, 0, 0, 0)}
(22) 1-PS = (1, 3/5, 1/5, 1/5, -2/5, -2/5, -6/5) yields a state with 48 characters
Maximal nonstable state={(1, 1, 1, 0, 0, 0, 0), (1, 0, 1, 1, 0, 0, 0), (0, 1, 1, 0, 0, 1, 0), (1, 1, 0, 0, 1, 0, 0), (2, 0, 0, 0, 0, 1, 0), (1, 1, 0, 0, 0, 0, 1), (0, 0, 0, 2, 0, 1, 0), (0, 1, 2, 0, 0, 0, 0), (3, 0, 0, 0, 0, 0, 0), (1, 0, 0, 2, 0, 0, 0), (0, 0, 1, 2, 0, 0, 0), (0, 1, 0, 2, 0, 0, 0), (1, 0, 0, 0, 2, 0, 0), (2, 0, 0, 0, 0, 0, 1), (1, 1, 0, 0, 0, 1, 0), (1, 0, 0, 0, 1, 1, 0), (0, 3, 0, 0, 0, 0, 0), (1, 0, 0, 0, 0, 2, 0), (2, 0, 0, 1, 0, 0, 0), (0, 0, 2, 0, 1, 0, 0), (1, 2, 0, 0, 0, 0, 0), (1, 0, 1, 0, 1, 0, 0), (1, 0, 0, 1, 0, 1, 0), (1, 0, 0, 1, 1, 0, 0), (0, 0, 0, 3, 0, 0, 0), (1, 0, 1, 0, 0, 0, 1), (0, 0, 2, 0, 0, 1, 0), (2, 0, 1, 0, 0, 0, 0), (1, 0, 1, 0, 0, 1, 0), (0, 0, 3, 0, 0, 0, 0), (1, 1, 0, 1, 0, 0, 0), (1, 0, 2, 0, 0, 0, 0), (2, 1, 0, 0, 0, 0, 0), (0, 2, 0, 1, 0, 0, 0), (0, 1, 1, 0, 1, 0, 0), (0, 2, 0, 0, 1, 0, 0), (0, 2, 0, 0, 0, 0, 1), (0, 1, 0, 1, 1, 0, 0), (2, 0, 0, 0, 1, 0, 0), (0, 0, 1, 1, 1, 0, 0), (0, 1, 0, 1, 0, 1, 0), (0, 0, 2, 1, 0, 0, 0), (0, 2, 0, 0, 0, 1, 0), (0, 2, 1, 0, 0, 0, 0), (1, 0, 0, 1, 0, 0, 1), (0, 0, 0, 2, 1, 0, 0), (0, 0, 1, 1, 0, 1, 0), (0, 1, 1, 1, 0, 0, 0)}
(23) 1-PS = (1, 1/2, 1/2, 0, -1/2, -1/2, -1) yields a state with 48 characters
Maximal nonstable state={(1, 1, 1, 0, 0, 0, 0), (1, 0, 1, 1, 0, 0, 0), (0, 1, 1, 0, 0, 1, 0), (1, 1, 0, 0, 1, 0, 0), (2, 0, 0, 0, 0, 1, 0), (1, 1, 0, 0, 0, 0, 1), (3, 0, 0, 0, 0, 0, 0), (0, 0, 2, 0, 0, 0, 1), (1, 0, 0, 2, 0, 0, 0), (0, 0, 1, 2, 0, 0, 0), (0, 1, 0, 2, 0, 0, 0), (1, 0, 0, 0, 2, 0, 0), (2, 0, 0, 0, 0, 0, 1), (1, 1, 0, 0, 0, 1, 0), (1, 0, 0, 0, 1, 1, 0), (0, 3, 0, 0, 0, 0, 0), (1, 0, 0, 0, 0, 2, 0), (2, 0, 0, 1, 0, 0, 0), (0, 0, 2, 0, 1, 0, 0), (1, 2, 0, 0, 0, 0, 0), (1, 0, 1, 0, 1, 0, 0), (1, 0, 0, 1, 0, 1, 0), (1, 0, 0, 1, 1, 0, 0), (0, 0, 0, 3, 0, 0, 0), (1, 0, 1, 0, 0, 0, 1), (0, 0, 2, 0, 0, 1, 0), (2, 0, 1, 0, 0, 0, 0), (0, 1, 1, 0, 0, 0, 1), (1, 0, 1, 0, 0, 1, 0), (0, 0, 3, 0, 0, 0, 0), (1, 1, 0, 1, 0, 0, 0), (1, 0, 2, 0, 0, 0, 0), (2, 1, 0, 0, 0, 0, 0), (0, 2, 0, 1, 0, 0, 0), (0, 1, 1, 0, 1, 0, 0), (0, 2, 0, 0, 1, 0, 0), (0, 2, 0, 0, 0, 0, 1), (0, 1, 0, 1, 1, 0, 0), (2, 0, 0, 0, 1, 0, 0), (0, 0, 1, 1, 1, 0, 0), (0, 1, 0, 1, 0, 1, 0), (0, 0, 2, 1, 0, 0, 0), (0, 2, 0, 0, 0, 1, 0), (0, 2, 1, 0, 0, 0, 0), (1, 0, 0, 1, 0, 0, 1), (0, 1, 2, 0, 0, 0, 0), (0, 0, 1, 1, 0, 1, 0), (0, 1, 1, 1, 0, 0, 0)}
